951
48 11
546 100
20 246
76 586
637 373
584 376
420 558
454 680
414 636
705 290
82 591
430 366
173 610
679 933
383 242
370 263
550 337
761 24
103 134
869 909
181 170
30 57
35 66
786 139
39 287
114 263
555 472
18 22
243 250
318 79
88 178
25 22
45 60
772 641
438 131
46 90
855 300
240 574
8 441
53 59
77 510
51 372
56 273
274 155
574 652
827 57
432 306
394 191
8 4
587 799
285 278
703 99
356 176
817 172
384 152
295 845
625 395
73 59
544 304
36 39
124 500
407 272
54 79
404 399
146 355
96 288
930 110
157 483
571 247
601 527
781 912
521 318
324 164
136 741
267 61
72 184
835 838
100 489
360 318
141 487
834 672
256 289
36 77
391 213
876 716
225 501
181 562
244 110
748 863
917 390
397 358
737 496
297 518
308 621
643 666
306 60
61 99
310 739
340 317
92 100
572 206
657 135
725 545
155 77
358 43
814 712
769 209
525 849
868 335
744 88
301 426
234 216
90 790
19 226
122 269
43 850
819 326
254 919
508 367
392 433
150 254
43 465
409 379
72 59
533 592
303 179
698 813
535 291
773 380
694 145
403 151
609 352
321 371
276 69
89 858
6 20
6 796
267 507
341 198
152 762
290 412
368 333
118 903
175 597
172 126
9 69
835 407
21 20
61 939
230 221
11 802
485 778
116 67
359 207
865 776
525 394
15 43
538 818
65 53
311 552
140 517
248 255
274 444
129 452
422 386
455 848
766 580
373 684
137 353
38 74
333 123
384 764
612 670
715 17
392 131
25 126
210 283
337 221
266 330
443 158
188 114
103 262
349 189
315 395
618 145
548 261
162 791
692 154
810 63
175 211
144 108
713 291
189 108
596 476
675 577
358 649
807 335
221 3
190 79
542 641
671 519
110 659
364 844
413 899
322 18
98 16
28 196
624 198
280 316
3 82
235 378
401 150
53 4
549 355
531 294
335 429
97 123
174 296
476 422
545 251
91 511
300 603
210 184
601 607
71 150
685 533
312 276
3 271
63 60
195 236
390 287
128 405
282 331
406 687
941 559
197 547
61 24
40 95
158 668
392 836
28 240
775 859
528 896
259 181
261 656
473 333
199 120
355 361
745 235
824 851
381 431
692 798
775 728
71 60
280 227
884 738
108 498
78 205
731 550
242 560
197 44
658 820
229 173
9 29
947 652
171 302
24 41
152 580
58 363
214 437
172 212
366 496
47 270
900 406
95 377
315 736
364 283
491 83
307 212
357 182
832 288
55 136
1 4
366 770
561 48
793 292
450 340
593 469
717 488
86 87
413 436
29 482
194 906
144 718
9 13
539 338
31 881
248 241
24 265
681 544
22 612
840 829
316 943
75 43
691 451
616 755
31 37
534 915
387 886
676 913
18 301
328 630
17 251
774 345
640 618
287 505
534 135
85 354
158 3
511 783
22 249
325 779
582 506
595 115
62 36
224 382
754 449
171 163
212 235
824 95
268 92
185 872
411 434
134 700
785 406
200 75
27 58
564 307
245 16
55 747
277 123
139 20
235 678
120 61
295 688
105 43
904 839
376 321
338 84
80 13
499 491
148 19
30 174
237 72
218 193
753 377
403 540
608 14
308 759
948 661
600 431
485 437
330 784
281 222
218 538
924 362
616 205
17 7
277 381
768 139
486 444
285 576
533 499
153 28
107 233
352 926
135 98
466 415
887 723
466 581
696 315
110 54
758 190
326 277
112 231
514 527
788 809
808 313
297 164
831 275
72 232
359 914
68 10
198 861
165 396
234 295
224 157
33 272
12 92
32 23
668 693
528 371
605 604
152 161
454 424
884 945
506 115
927 281
14 12
487 852
658 388
52 727
883 439
801 355
199 379
154 780
134 291
504 157
661 554
147 127
174 541
660 289
451 324
11 7
173 689
380 326
445 145
149 145
70 64
101 97
499 570
525 611
918 748
646 22
29 650
86 472
440 159
499 931
502 629
239 329
49 389
24 4
120 480
260 419
677 425
690 144
146 45
532 193
68 85
16 5
901 344
699 79
278 31
239 655
42 9
365 130
398 152
113 195
173 455
324 789
257 168
726 376
429 569
176 583
91 520
172 742
537 237
341 474
822 765
477 358
411 288
32 38
352 12
603 885
433 721
121 298
29 36
811 76
729 488
12 5
217 194
291 567
722 427
9 7
46 1
427 516
385 64
39 156
804 839
662 370
880 266
151 140
946 362
146 202
267 716
148 183
428 177
336 463
251 853
686 311
536 170
47 39
214 497
589 905
216 30
154 28
117 32
5 310
311 6
206 68
292 240
175 825
870 626
202 866
243 323
130 220
812 807
177 3
164 204
295 334
332 215
136 888
526 568
367 589
14 76
166 80
86 328
175 72
470 150
461 566
897 13
875 331
45 27
669 375
192 119
70 889
19 14
331 526
447 493
691 740
645 491
428 673
854 98
294 327
258 453
1 141
243 1
12 115
187 225
102 112
929 400
776 642
102 260
39 634
309 302
664 542
250 816
940 114
204 417
472 951
607 620
451 638
639 794
604 476
189 803
424 409
35 29
169 362
20 672
74 157
634 921
528 573
447 422
647 122
452 892
682 650
50 321
134 869
856 786
925 132
530 122
663 340
190 421
294 272
418 293
523 846
5 4
516 782
138 81
108 456
719 60
199 406
771 308
98 107
486 895
730 472
345 467
532 602
238 460
335 19
13 26
711 246
318 350
305 221
708 545
578 701
485 728
17 51
300 133
63 170
743 65
182 639
503 124
746 186
45 720
203 676
201 176
24 108
183 264
712 490
299 97
213 49
373 48
286 100
214 49
402 33
64 31
412 923
750 381
7 10
227 150
12 40
191 135
788 159
563 560
822 830
248 627
582 781
414 407
127 100
574 777
27 16
42 54
222 71
8 169
164 85
942 520
398 469
95 122
160 157
83 132
25 399
385 594
648 320
452 871
676 874
67 137
308 280
302 386
585 724
5 6
735 400
513 175
86 25
104 77
81 77
435 158
164 922
461 233
19 97
600 606
890 777
28 19
35 83
510 760
530 709
369 800
415 210
427 138
632 410
114 7
163 651
314 860
572 732
34 1
113 118
138 367
24 49
543 300
294 873
237 416
34 133
409 615
89 18
435 752
351 787
502 186
698 333
263 457
15 3
654 528
785 805
89 176
131 587
729 757
251 346
23 56
207 161
613 228
307 484
388 69
252 155
219 122
180 847
135 215
458 529
488 598
822 833
202 223
398 551
220 342
628 104
111 70
197 644
911 853
361 556
433 878
496 707
479 121
410 211
99 459
2 30
399 893
442 4
767 193
67 458
705 828
61 140
935 164
58 131
910 461
749 150
145 512
128 111
456 882
168 52
513 841
490 338
203 85
10 908
368 622
20 553
329 514
898 207
109 82
123 185
49 55
215 393
339 245
108 228
3 23
165 146
246 284
86 187
559 150
944 121
125 73
575 54
369 169
509 243
825 842
28 481
198 84
734 451
232 679
864 510
298 804
52 11
928 356
208 12
439 172
464 279
2 387
175 949
3 167
291 317
142 83
322 748
55 162
203 238
129 8
35 462
39 159
525 653
478 254
180 146
2 1
91 21
319 50
907 899
45 588
730 867
88 29
4 173
348 290
633 339
585 412
281 565
522 404
751 379
182 937
266 475
173 282
665 105
826 325
292 420
823 215
84 34
617 517
635 259
105 448
631 642
75 320
902 224
815 637
240 542
199 344
433 519
67 30
182 167
13 119
427 579
77 756
325 5
407 916
360 515
862 104
437 667
42 193
57 163
279 11
41 102
126 683
343 68
94 10
413 98
631 108
18 103
217 626
44 614
179 66
313 79
795 583
523 126
26 124
444 590
714 547
98 710
22 31
700 877
706 142
14 93
86 471
121 28
15 50
577 243
194 57
347 223
69 290
473 494
305 374
62 950
821 64
17 33
130 11
394 674
304 29
241 73
95 449
440 492
577 797
792 700
5 7
702 644
763 608
733 469
837 141
934 591
