801 2457
503 339
358 553
56 775
369 779
405 189
246 526
324 419
699 169
350 77
741 201
340 664
577 8
730 688
695 370
663 733
246 347
782 792
64 584
302 791
340 304
143 45
473 721
241 135
314 128
485 564
608 703
330 631
277 519
479 42
82 170
294 416
401 558
482 124
781 771
498 412
120 342
799 309
726 90
348 516
607 552
9 598
230 544
250 226
197 313
624 27
491 561
109 18
737 732
789 779
519 150
423 584
236 352
486 70
116 672
138 501
590 546
38 496
167 137
672 591
251 120
678 160
147 494
42 760
149 324
43 788
266 217
136 711
545 637
438 564
682 101
538 494
225 364
498 514
409 306
318 468
553 797
685 414
765 219
638 91
713 699
588 257
499 292
465 710
28 309
582 185
233 293
353 372
570 61
511 688
774 67
579 425
359 11
606 621
129 127
537 106
385 149
722 419
122 224
488 683
786 81
557 549
441 107
409 482
411 188
287 683
419 611
248 90
697 754
750 143
733 173
402 159
131 487
631 152
301 193
620 84
287 295
678 444
55 502
510 770
4 14
62 284
195 211
256 418
541 797
429 99
714 499
419 213
24 643
742 301
120 44
597 550
672 286
303 197
655 16
396 707
604 696
641 418
310 409
221 391
361 87
200 83
701 323
498 245
145 539
567 80
402 546
536 241
332 108
616 63
543 475
215 463
511 734
148 388
79 172
686 124
256 711
422 259
264 179
212 264
69 220
400 498
440 553
331 721
596 630
562 79
525 89
358 234
675 203
90 482
453 206
75 378
535 128
683 123
461 755
615 413
716 564
209 190
635 243
767 695
553 127
569 30
595 203
667 598
373 206
290 223
92 215
794 226
250 490
749 425
253 452
438 382
101 581
284 528
340 34
657 160
469 87
109 80
772 789
50 75
477 8
632 401
579 109
235 663
699 126
76 176
441 354
560 659
83 555
652 195
428 168
730 600
144 426
382 597
753 613
220 221
221 180
78 152
190 604
393 235
278 410
192 593
282 238
801 343
419 661
481 186
594 285
444 334
357 321
452 158
771 79
628 354
265 515
748 275
783 321
491 439
345 43
755 710
349 190
459 31
371 772
427 118
730 190
492 528
207 634
45 129
728 573
471 171
382 322
677 228
170 175
158 388
53 685
699 253
257 258
782 345
87 407
205 558
757 357
82 680
546 590
507 590
566 547
328 35
293 389
701 264
595 231
463 32
715 763
276 434
151 749
723 212
172 3
500 150
668 684
69 74
401 362
192 395
17 666
262 338
247 383
3 191
794 267
700 314
690 95
192 576
290 250
255 139
369 422
333 184
33 324
585 279
15 604
56 88
592 122
733 411
466 33
613 277
146 57
96 110
518 289
204 652
596 705
9 316
102 20
214 359
566 200
471 268
570 560
2 197
166 592
574 429
297 391
545 697
419 798
646 80
718 266
315 231
178 703
451 487
160 323
260 224
27 600
275 484
158 183
514 513
395 515
662 649
104 600
791 544
123 646
522 154
102 592
747 326
212 214
733 316
436 281
242 79
748 786
680 754
476 186
83 725
34 9
270 572
611 107
224 743
558 27
779 282
486 214
606 146
611 655
449 250
530 760
768 728
499 675
105 793
52 251
501 197
364 693
385 290
315 696
100 516
339 251
433 447
631 262
424 219
7 642
564 205
17 646
128 500
725 318
104 542
639 664
127 471
31 754
503 796
405 130
603 258
362 35
367 568
150 749
140 553
623 473
584 522
141 80
3 115
24 140
546 612
527 556
437 603
213 218
261 51
668 403
777 359
447 518
476 54
539 173
81 551
302 181
603 392
141 73
17 368
716 617
792 478
227 534
780 352
597 647
566 528
787 229
518 597
681 390
592 266
26 104
152 742
353 624
286 395
55 218
672 310
277 529
443 777
392 463
652 8
415 178
37 716
688 726
418 430
58 531
724 76
617 142
443 679
52 788
420 667
38 483
367 43
245 229
320 196
502 252
31 256
586 585
168 493
155 335
637 10
583 210
93 322
573 88
557 788
628 294
693 718
144 48
509 61
787 678
573 201
481 750
738 781
706 388
670 139
123 234
199 337
540 129
717 148
168 325
263 277
741 754
368 247
632 707
670 421
117 653
340 562
553 697
642 593
441 477
793 427
135 33
328 574
652 650
377 310
363 263
607 40
554 753
59 181
225 173
428 339
486 707
513 19
53 261
551 10
118 469
67 34
697 274
716 90
256 147
791 23
276 651
668 552
117 94
220 440
382 667
1 452
197 566
22 453
530 798
342 181
721 348
595 93
464 126
561 747
718 104
182 167
383 610
794 301
686 680
376 351
583 334
457 629
518 618
298 599
529 323
51 3
678 731
479 513
523 458
144 451
19 155
629 521
745 433
325 194
1 564
521 443
464 4
444 765
786 593
514 262
367 487
478 62
703 20
444 295
709 509
585 748
291 537
491 772
222 628
758 401
524 633
505 672
490 763
290 441
70 311
355 645
307 157
661 279
371 120
465 568
303 525
20 368
316 196
153 350
46 94
143 106
240 417
422 578
346 177
353 329
112 542
579 743
89 375
754 182
664 253
296 482
586 408
380 500
255 55
3 519
744 186
151 671
695 561
43 709
647 231
649 796
388 304
47 550
194 54
387 78
268 235
342 555
475 489
384 29
792 383
406 308
524 449
301 109
715 711
196 325
778 384
98 490
491 205
15 508
592 171
223 274
578 649
703 329
82 495
193 603
527 191
588 580
58 715
403 118
9 19
235 778
127 264
71 751
148 568
790 123
136 234
601 57
622 495
422 144
542 539
245 697
270 435
346 480
552 331
221 501
259 200
558 481
26 116
409 735
446 35
230 508
452 283
623 668
679 606
748 426
215 36
573 150
734 545
684 672
702 67
498 88
297 712
639 748
417 403
534 414
172 94
191 156
156 607
216 189
143 217
695 540
224 205
194 239
122 638
780 682
318 294
384 445
594 471
82 259
383 17
1 415
322 53
109 363
527 104
300 39
231 50
382 435
475 11
518 502
61 633
194 593
379 471
90 475
552 599
130 383
403 506
409 428
599 366
661 134
328 646
490 34
40 523
497 324
65 597
140 155
51 349
89 18
695 54
181 546
681 604
777 491
797 578
314 393
48 660
622 226
713 646
164 798
419 783
630 697
265 552
250 118
470 462
184 35
440 792
137 280
743 93
463 373
662 205
114 162
774 92
620 114
732 596
145 300
537 546
761 42
653 641
103 21
128 275
756 619
232 730
558 364
376 13
303 434
801 615
434 661
329 723
82 582
104 658
204 546
617 558
100 659
623 283
11 296
198 447
641 145
607 216
232 603
605 784
538 276
793 4
98 210
357 562
547 569
112 105
554 685
441 19
224 653
667 403
563 34
108 304
92 71
773 509
279 773
399 576
383 410
596 604
613 538
547 455
274 183
554 517
574 143
741 417
744 613
609 608
657 82
716 421
250 166
254 111
204 679
615 146
598 78
54 459
78 509
185 403
583 608
158 437
400 286
608 19
220 252
756 395
406 260
561 163
524 305
67 422
583 753
306 501
307 449
475 470
113 434
189 647
478 719
541 29
798 35
362 633
550 286
94 796
205 775
351 66
707 103
710 408
142 235
74 190
629 795
460 45
322 503
305 405
731 593
2 34
367 51
278 362
638 623
471 465
556 678
408 356
742 291
563 57
362 180
309 106
398 546
464 16
762 155
229 683
381 783
197 428
107 617
89 738
162 349
271 394
292 112
21 73
645 692
480 240
210 370
12 444
141 341
606 326
512 561
93 124
60 318
778 272
562 37
28 284
12 198
413 160
258 127
418 214
652 489
538 605
414 794
181 215
37 171
204 378
151 776
690 720
448 599
520 389
336 652
155 122
657 796
88 508
52 738
58 201
538 226
633 749
629 512
501 554
767 350
344 160
699 413
327 778
524 429
52 512
275 514
202 558
226 271
637 346
691 235
714 639
535 639
244 738
423 166
677 218
552 50
567 116
590 526
493 30
771 679
187 9
800 251
641 748
38 513
576 685
93 348
721 340
408 644
9 285
101 111
778 672
416 265
161 765
754 673
97 767
260 572
533 136
127 529
735 204
705 550
160 712
267 236
636 12
473 490
634 160
743 13
86 677
659 591
787 649
792 335
610 153
650 438
297 234
503 702
373 167
732 209
130 639
390 234
375 309
549 251
143 691
739 635
153 234
646 307
28 241
751 768
609 17
422 579
242 272
297 240
61 119
718 209
105 197
180 689
272 716
238 491
258 294
152 402
508 247
786 250
555 673
420 89
495 361
136 528
692 557
458 529
644 712
386 671
160 304
70 15
184 240
538 546
26 328
504 675
747 664
511 129
280 381
781 121
465 439
726 459
186 619
27 735
69 72
418 150
2 19
131 685
634 189
266 473
252 367
401 694
646 603
132 546
780 328
177 627
254 611
799 24
487 114
694 230
345 354
680 518
182 10
338 200
738 177
301 461
603 312
225 64
93 480
296 158
239 765
333 594
120 578
329 661
799 227
305 155
96 170
8 535
264 558
6 694
430 56
344 452
532 74
79 612
406 764
649 632
409 195
209 336
301 768
659 658
235 177
60 375
592 115
370 747
539 195
637 653
118 483
544 758
210 534
199 166
505 565
108 348
554 66
598 215
749 560
293 15
277 650
758 715
581 247
486 69
491 394
494 318
306 711
555 120
417 563
622 623
589 701
202 90
481 606
723 459
209 132
264 36
545 149
85 84
382 85
110 68
444 687
522 462
451 157
549 129
435 170
204 8
703 619
136 333
323 87
51 122
718 108
24 424
681 440
71 276
495 290
304 598
392 427
56 739
18 102
627 419
644 771
79 627
335 497
356 203
104 100
434 246
396 715
770 274
270 46
354 500
266 348
585 683
178 243
13 381
144 500
290 399
38 186
96 450
776 164
80 721
778 136
62 572
659 58
753 171
419 139
424 378
693 570
793 461
559 8
525 371
673 362
345 470
733 699
699 64
112 742
137 482
235 157
255 283
283 161
645 277
152 737
334 212
304 717
178 673
363 615
562 222
702 148
181 164
651 598
90 702
27 466
443 278
462 118
120 137
159 521
36 399
207 107
84 297
628 728
275 702
700 56
203 314
63 180
84 15
657 526
342 341
731 701
514 39
36 295
783 757
793 479
398 704
662 797
208 581
281 297
104 89
126 352
770 585
388 622
579 543
746 789
600 696
801 521
349 233
678 209
113 731
634 654
759 612
478 716
321 684
303 313
142 516
586 781
788 8
36 302
183 137
773 494
223 443
647 453
373 240
766 50
201 506
356 109
203 458
575 777
626 560
238 346
690 500
674 410
451 440
441 37
59 722
799 187
175 765
254 595
518 154
280 276
209 210
437 450
496 87
614 121
561 67
744 701
414 562
201 57
55 178
389 293
309 510
687 115
139 569
140 214
496 138
436 388
2 275
612 133
564 491
619 317
378 255
168 166
480 136
482 17
247 420
70 317
695 604
312 27
80 540
450 268
346 774
754 139
38 357
370 554
635 315
51 359
416 499
768 397
698 393
39 766
265 645
801 459
643 211
788 250
610 486
351 370
423 748
340 190
379 550
86 430
489 426
735 87
148 83
26 461
615 407
410 722
415 8
291 54
717 782
665 344
459 681
744 319
506 459
165 220
721 590
422 304
131 622
550 216
188 517
559 59
708 348
11 459
513 781
110 466
536 527
295 324
116 668
579 595
356 131
547 39
585 376
785 283
720 529
316 190
801 558
767 154
235 509
290 608
774 568
45 681
468 208
789 132
35 495
474 718
438 45
168 577
481 656
531 761
145 748
509 515
152 245
580 704
597 750
728 318
469 256
508 747
144 420
754 37
239 629
366 359
757 488
651 439
611 261
556 642
102 10
355 67
191 18
433 320
17 318
271 321
425 740
138 694
487 98
325 67
532 602
607 445
403 550
595 285
672 109
211 603
360 383
405 150
746 38
39 444
759 493
542 301
121 279
784 646
416 85
534 684
133 781
635 621
433 377
252 27
562 195
684 323
543 423
775 127
252 98
396 615
127 527
685 626
476 530
519 32
415 614
645 214
15 493
293 314
97 681
3 486
556 624
760 193
133 193
421 646
564 558
484 683
731 762
143 280
551 431
360 254
386 767
521 104
528 257
565 383
751 498
398 643
600 180
26 441
13 706
340 662
179 93
533 28
411 613
96 514
244 637
445 290
72 386
457 426
260 60
321 621
765 500
491 512
60 385
545 448
467 52
506 684
13 448
623 566
539 750
133 582
796 188
551 560
572 525
496 494
461 703
796 211
149 501
272 481
105 763
716 13
315 454
491 104
746 533
413 24
397 382
171 429
75 108
795 736
759 723
83 703
569 467
571 435
204 18
149 196
775 16
33 800
125 197
645 330
540 715
742 267
501 92
447 48
582 693
507 743
796 492
101 482
85 536
174 406
112 745
739 202
46 716
432 224
626 530
698 135
702 381
558 765
244 333
360 322
698 118
743 400
45 509
637 568
102 758
109 21
75 90
350 251
4 476
207 696
504 283
710 703
218 447
789 196
298 609
460 464
408 33
209 269
283 73
309 437
54 34
484 403
313 287
298 752
85 571
22 297
392 538
322 512
415 749
535 300
222 249
225 673
502 281
92 74
310 433
205 677
716 137
607 383
188 338
688 357
275 15
786 91
292 173
590 332
313 288
668 494
26 81
627 679
231 285
216 469
606 251
535 293
60 139
568 718
517 597
190 263
48 231
301 203
570 161
439 406
595 356
702 88
476 153
264 761
174 799
526 48
251 440
198 225
236 633
592 87
517 339
634 235
156 32
746 375
622 520
509 176
205 343
8 546
672 206
229 679
584 501
6 795
232 773
211 683
75 549
613 268
775 109
127 801
330 663
609 701
168 464
613 157
759 466
41 714
502 354
34 489
641 645
641 250
381 457
628 385
721 511
667 16
372 199
211 707
418 420
683 496
425 429
783 352
168 465
541 99
483 592
84 175
619 25
550 388
239 119
776 662
745 22
727 599
504 463
15 253
509 66
574 409
282 588
161 601
345 326
313 211
648 85
23 311
767 25
148 78
477 784
425 282
336 294
727 298
177 376
753 769
384 359
717 795
494 801
485 719
284 122
86 202
481 329
614 230
504 144
567 52
219 273
422 406
712 548
506 152
73 673
166 348
501 552
110 750
2 376
772 319
730 324
64 662
635 119
149 35
190 298
321 393
211 726
588 457
533 312
619 30
373 768
34 212
162 1
570 386
292 314
718 577
630 469
689 698
253 774
788 428
20 729
359 516
214 324
472 216
490 219
41 792
318 486
430 138
748 385
307 6
473 383
71 620
570 640
171 128
124 763
585 383
141 777
626 597
680 240
78 593
390 679
672 628
286 771
587 649
220 72
754 583
350 764
684 4
530 382
65 636
364 354
244 499
648 311
28 92
345 269
37 469
468 589
434 707
185 703
322 50
573 340
689 258
676 67
733 110
38 561
455 669
702 173
81 82
155 314
232 194
147 591
347 307
519 260
285 548
589 267
89 534
320 724
512 365
197 173
330 597
111 424
527 410
434 503
87 403
36 233
365 205
327 769
154 387
525 347
109 381
788 755
58 615
495 526
670 76
123 340
488 482
746 172
36 463
258 577
740 794
523 801
563 771
392 390
548 354
438 672
686 396
321 670
142 594
594 733
376 504
647 511
316 59
634 42
528 184
436 621
606 76
525 26
568 462
109 263
185 463
461 564
79 432
693 274
88 574
413 295
143 66
700 330
60 700
171 438
407 116
483 63
176 487
487 369
376 210
506 503
531 90
432 500
109 517
115 632
657 154
613 404
227 435
686 725
174 67
47 307
624 781
15 495
56 244
94 161
242 163
629 670
55 245
351 468
688 53
374 448
452 522
312 263
574 611
678 163
601 482
36 405
330 253
495 549
137 570
390 420
783 313
163 685
30 337
696 144
285 759
712 49
767 222
362 758
219 604
344 610
57 714
72 533
345 601
624 439
58 453
556 17
745 389
229 642
195 526
770 752
571 1
609 438
631 508
562 622
322 407
589 334
12 47
113 395
170 594
245 190
263 325
88 247
549 86
519 713
66 284
434 357
532 97
553 745
479 685
427 213
265 50
450 731
622 797
184 499
352 410
464 350
482 533
138 70
641 690
399 678
777 613
797 165
102 165
375 473
69 361
346 148
75 389
211 116
801 231
427 189
466 327
617 75
677 789
733 206
629 466
315 768
245 532
764 548
161 557
273 736
686 431
69 449
129 757
556 692
596 310
320 121
504 774
451 340
184 728
300 119
545 737
92 494
660 503
309 719
254 655
765 257
488 307
658 243
333 800
209 399
178 227
712 482
289 279
290 415
737 494
168 490
78 667
783 563
521 744
223 444
576 278
704 347
618 241
376 252
104 385
250 797
128 722
193 234
369 408
10 215
363 710
217 215
680 729
291 143
437 367
760 284
228 37
567 462
533 74
147 621
520 241
770 666
64 221
543 353
18 608
609 122
117 203
208 130
762 738
192 177
375 675
491 152
288 644
401 80
332 227
631 4
244 314
320 160
342 365
702 77
327 763
49 506
732 748
74 450
241 40
22 407
5 421
150 653
797 787
300 282
87 34
199 115
223 121
799 74
568 30
731 570
558 295
379 554
512 240
197 629
680 711
186 563
23 423
744 420
747 555
162 777
281 224
616 723
790 293
345 392
598 120
212 277
308 171
259 396
260 310
406 230
59 206
575 36
119 573
304 738
16 310
492 350
57 404
593 186
703 192
245 728
28 389
675 578
86 194
52 409
399 569
388 432
119 788
504 333
285 600
470 614
272 110
690 12
639 710
135 305
728 790
253 773
458 453
13 80
128 432
737 774
367 370
22 230
223 84
278 641
284 307
433 165
659 297
403 538
704 120
299 470
589 542
50 166
785 281
129 192
349 506
703 97
279 244
465 168
800 232
313 455
259 72
540 207
63 525
636 608
749 116
325 183
110 616
187 314
351 168
316 414
127 203
601 722
47 227
52 286
329 29
220 367
384 720
739 51
316 667
596 69
373 785
7 523
797 356
527 657
681 142
661 501
647 123
676 439
769 595
16 693
26 659
174 523
211 383
642 223
509 681
510 706
231 721
145 686
675 234
162 43
310 302
292 698
404 476
66 120
288 471
622 598
36 234
735 262
21 154
45 441
395 71
152 593
745 424
313 612
356 401
454 192
774 443
426 150
793 424
428 584
747 665
165 657
365 355
24 88
480 722
689 625
246 19
220 573
599 238
380 288
53 689
275 257
789 562
352 546
173 23
473 98
589 655
310 464
6 2
617 734
429 318
583 150
788 48
647 271
189 232
523 261
617 162
184 516
44 566
439 47
703 451
597 76
688 792
378 473
784 44
765 572
41 66
390 640
392 127
727 681
304 193
503 101
17 660
199 170
418 472
111 115
624 444
426 700
135 212
502 564
677 395
678 353
347 716
244 458
523 314
88 257
552 709
310 245
96 321
760 585
336 779
392 151
447 420
103 518
450 638
238 641
476 772
369 630
423 447
101 406
50 395
397 800
587 240
436 375
75 401
428 89
267 93
237 423
199 48
700 416
541 325
727 388
558 555
710 722
750 400
381 200
788 181
662 273
612 580
644 603
658 639
695 219
20 398
369 36
246 290
301 77
503 177
18 676
520 361
519 723
611 690
134 525
600 76
91 672
590 796
383 550
3 153
404 153
374 509
43 126
132 202
635 47
670 169
49 331
303 682
677 270
645 288
21 753
354 37
118 10
415 742
403 263
708 538
695 321
698 487
19 215
295 552
535 578
376 232
339 476
100 608
363 440
718 344
645 595
280 569
83 558
512 681
588 265
165 99
278 322
208 522
282 506
232 673
375 43
103 292
236 440
736 369
124 756
45 500
109 235
178 564
675 462
92 68
644 297
615 152
765 406
383 44
570 164
127 578
718 750
165 726
77 361
223 478
431 26
484 381
328 41
52 771
532 216
272 617
755 615
705 343
351 442
61 75
652 191
286 389
108 669
144 494
406 318
59 704
393 3
392 461
224 390
612 343
149 447
209 695
526 675
126 267
274 493
242 108
338 696
542 177
771 316
721 367
279 440
603 279
90 443
164 339
422 74
557 645
762 479
600 494
503 704
783 562
507 645
77 394
166 528
45 172
66 358
356 425
584 503
201 616
326 671
556 312
387 338
246 40
325 2
442 302
5 741
752 252
334 558
150 651
286 262
735 327
371 154
613 679
762 739
658 486
532 6
698 590
755 768
333 309
102 356
782 458
450 115
694 173
510 94
64 166
283 523
162 101
56 21
75 467
535 306
776 323
367 549
290 257
754 231
203 119
765 442
364 405
333 227
120 272
93 313
778 284
305 645
109 88
364 757
330 80
141 423
23 132
561 488
492 60
563 508
360 76
140 749
767 435
385 609
421 269
304 788
526 99
507 579
85 338
446 489
344 537
757 395
614 763
597 332
446 376
692 112
402 130
791 470
171 681
560 413
317 501
543 145
674 566
590 265
388 702
260 704
197 43
627 260
636 38
776 233
557 593
323 733
33 298
167 596
168 462
461 130
463 162
694 367
476 738
222 266
42 148
390 635
375 312
81 592
106 393
346 558
625 14
392 474
412 341
362 213
626 595
54 232
378 32
722 46
504 425
267 426
325 368
741 568
214 349
658 434
750 259
667 247
478 801
338 758
652 353
211 179
447 201
359 652
224 688
110 13
523 366
289 340
330 446
424 557
777 596
443 117
376 517
310 537
583 18
436 293
435 729
404 723
462 759
303 236
338 391
531 73
345 94
109 205
493 465
55 636
609 360
15 551
660 530
548 800
295 375
151 324
137 621
317 572
692 728
550 65
695 701
275 174
222 619
690 160
471 391
792 499
722 323
209 615
799 563
552 244
181 30
678 372
495 520
297 39
83 698
394 770
126 300
382 737
61 617
760 592
83 123
271 711
365 51
719 709
796 275
565 751
366 633
114 324
496 791
249 577
505 559
566 572
326 591
238 104
594 618
132 10
745 289
546 777
655 771
127 561
53 346
68 638
342 117
270 214
130 211
538 212
315 85
170 615
27 18
692 427
305 159
786 285
400 224
347 54
294 438
196 143
