868 1183
488 402
4 842
783 141
231 399
14 467
125 330
387 267
398 440
820 37
270 842
189 256
699 30
360 433
430 820
728 693
710 176
299 518
735 449
406 148
574 282
244 22
215 713
850 120
282 3
740 142
190 664
673 552
277 218
319 249
548 821
667 420
840 283
286 262
230 634
22 478
449 277
822 620
290 358
695 389
270 688
106 57
615 712
686 627
316 472
679 390
541 661
799 401
115 760
626 848
444 452
376 268
221 18
539 265
234 163
706 666
392 612
695 836
280 249
691 498
814 266
230 765
2 352
747 703
14 153
726 470
50 529
490 796
704 657
314 552
352 118
761 129
218 145
652 368
580 32
708 478
252 531
331 13
361 394
360 493
331 715
425 500
244 856
772 197
373 769
645 812
584 604
247 252
846 205
212 605
67 127
175 678
310 136
364 10
190 723
812 74
21 167
860 441
33 193
129 20
650 644
594 160
188 351
510 474
140 238
442 637
11 828
374 624
167 722
591 545
738 342
814 847
565 152
40 199
57 751
300 426
434 213
528 844
664 738
758 611
30 489
337 60
378 698
463 702
235 842
198 704
76 179
607 847
716 389
331 785
142 845
686 788
608 521
386 453
590 834
743 482
822 643
391 547
612 519
88 360
261 778
453 80
756 746
832 851
601 697
85 67
838 468
633 27
761 744
259 755
867 317
646 279
589 720
624 536
793 39
465 495
861 775
246 119
383 455
593 861
77 218
634 757
321 388
377 793
424 766
182 353
286 126
307 407
802 613
660 868
224 176
673 864
114 682
444 312
623 77
358 295
141 376
311 131
338 376
257 656
667 153
170 21
625 852
437 99
55 28
729 448
851 246
665 655
699 296
190 187
429 308
842 342
465 815
231 84
162 573
525 631
541 242
747 555
247 209
216 710
452 405
113 417
537 601
513 650
60 847
50 600
195 236
517 789
608 836
663 588
717 297
501 173
65 312
138 278
153 478
538 340
539 443
82 240
867 512
518 766
489 354
383 151
809 428
770 504
839 617
169 300
419 261
236 230
281 528
170 222
803 268
862 864
553 765
77 803
310 475
692 180
422 159
781 677
230 437
149 675
491 800
14 236
782 768
173 763
92 730
338 360
454 830
177 17
285 667
750 747
817 802
61 820
65 185
138 312
836 628
295 264
709 460
335 703
595 206
856 447
723 674
813 242
265 127
300 247
76 284
230 840
232 154
444 147
486 412
586 351
296 152
353 653
369 44
488 493
756 152
738 447
441 549
111 277
574 663
759 649
734 572
507 804
273 601
693 624
574 478
862 456
243 686
617 728
23 280
421 408
771 590
573 315
819 584
570 334
695 863
487 442
372 490
332 525
742 796
660 575
475 53
395 86
243 229
183 20
772 154
136 600
863 503
311 322
584 406
620 733
556 149
543 33
410 76
501 622
451 207
718 350
597 512
79 793
152 240
714 300
730 444
71 850
325 121
606 607
383 439
655 617
802 15
830 15
558 310
809 683
451 676
86 256
677 419
168 89
706 368
352 424
371 796
90 545
245 114
488 64
435 46
445 843
19 303
144 766
49 793
695 763
800 643
82 330
774 165
691 488
385 85
320 64
80 810
684 635
571 309
548 101
345 705
297 201
474 412
264 746
857 621
360 440
797 461
673 668
527 367
847 493
410 27
310 205
135 653
698 471
31 709
397 742
172 742
417 207
713 112
420 844
809 446
665 532
12 666
776 288
184 237
336 492
822 607
728 411
492 803
467 419
410 408
117 20
730 187
391 33
642 223
701 745
152 443
796 224
43 29
332 779
800 777
346 763
397 32
625 175
647 227
746 838
390 525
8 460
119 235
214 49
121 307
585 521
792 304
786 839
326 203
4 364
229 154
498 161
680 470
535 603
93 676
620 508
841 505
557 480
683 112
586 421
439 304
10 516
765 840
112 745
65 558
659 301
514 148
562 625
720 865
261 505
360 307
602 350
298 386
752 698
329 850
200 836
522 125
733 58
9 857
190 76
36 327
633 292
259 237
383 324
587 31
178 549
769 539
77 18
171 291
170 260
740 58
569 416
287 130
344 588
721 173
359 2
798 358
619 112
131 399
861 263
604 49
410 820
742 148
184 113
708 210
563 570
645 818
810 431
19 322
644 659
97 233
14 867
411 191
704 637
665 233
103 418
818 633
515 674
200 87
148 163
352 596
594 47
452 690
590 230
645 78
720 73
708 172
449 38
352 586
233 199
332 391
242 10
68 637
868 189
173 515
515 729
615 128
735 487
47 194
182 366
19 692
502 753
686 748
58 764
701 544
854 818
69 672
527 553
232 454
548 384
41 678
487 610
655 529
319 70
74 775
267 223
465 64
402 499
14 519
705 809
16 129
436 757
802 246
830 479
237 851
160 489
98 517
724 140
553 262
852 366
121 791
744 185
512 470
653 620
215 125
779 651
744 759
28 208
730 512
580 431
204 716
257 814
296 287
364 152
780 671
846 458
173 146
807 319
472 119
774 507
401 358
763 290
566 842
181 370
716 595
613 99
564 77
764 181
648 451
595 828
648 738
43 599
866 25
332 841
793 728
124 380
371 619
227 616
691 322
272 32
246 743
86 300
381 537
491 83
337 868
526 630
75 784
562 723
17 614
86 637
427 702
517 233
507 530
335 117
380 543
497 405
25 96
710 471
167 127
853 106
362 32
412 90
431 494
500 219
110 246
322 407
167 526
291 364
336 95
729 690
653 601
677 851
253 383
787 539
325 568
531 133
552 201
240 661
337 377
246 349
138 378
460 509
742 17
322 814
370 549
477 560
7 233
171 458
688 517
846 117
40 823
792 798
858 727
680 150
142 50
779 118
72 73
282 229
630 701
352 388
807 641
461 208
223 214
804 92
320 282
235 491
796 535
481 631
432 571
255 346
805 614
483 265
562 364
384 805
32 328
143 783
667 637
245 46
10 424
751 110
397 759
389 397
725 64
651 447
596 705
355 702
592 151
610 333
134 322
598 168
81 236
262 652
396 503
434 762
200 133
712 863
137 448
280 29
450 800
66 63
708 278
234 428
614 149
410 524
772 794
257 371
753 86
232 176
437 523
712 625
265 275
329 825
483 87
61 326
470 24
317 328
778 6
337 148
267 315
213 165
854 670
168 858
530 469
172 376
619 812
581 637
30 397
698 50
391 276
720 422
533 660
591 792
156 158
284 459
147 753
471 488
280 687
321 737
568 711
747 794
479 215
172 294
657 279
310 203
561 406
416 47
390 51
691 508
505 785
656 358
701 429
323 215
719 159
32 551
803 427
768 241
435 546
668 142
137 343
488 60
510 484
856 203
424 528
567 615
157 400
199 335
145 274
826 198
695 144
243 70
80 420
651 223
502 79
200 10
527 234
758 19
444 239
339 505
728 34
526 405
400 126
579 369
97 830
167 311
839 607
105 589
31 262
783 397
64 442
764 50
35 480
222 471
482 542
191 687
455 371
580 412
551 410
760 118
629 230
518 725
144 24
74 835
92 766
264 579
390 489
55 336
475 539
410 672
576 856
339 795
517 440
545 385
493 465
558 282
577 92
30 825
414 114
364 39
275 771
218 329
580 647
81 550
194 304
457 117
707 735
441 697
695 308
271 235
827 356
78 205
230 396
324 269
242 737
606 838
764 146
5 868
51 553
182 215
737 556
202 561
39 795
572 183
110 542
337 350
468 158
461 647
668 614
868 322
286 306
554 323
443 242
727 82
830 492
459 497
395 267
108 448
63 548
248 278
284 701
169 92
601 519
302 475
524 594
455 789
12 403
522 379
405 689
364 233
708 704
95 363
275 530
128 661
110 496
709 747
607 224
394 240
775 95
787 857
281 635
135 368
368 666
816 308
562 511
90 294
378 243
652 246
516 171
552 306
246 867
296 579
722 494
578 51
443 565
60 663
650 634
177 180
577 421
817 792
719 349
578 780
266 171
536 832
59 412
861 464
617 16
20 173
671 637
144 406
318 738
132 145
735 175
662 133
18 314
308 722
641 263
274 863
365 383
795 92
44 155
606 564
393 301
744 323
699 340
111 450
92 93
864 39
241 255
209 226
573 641
265 208
156 84
786 626
505 245
237 788
547 625
365 65
104 314
757 600
601 650
124 501
828 388
237 814
580 50
575 430
429 79
791 680
849 481
691 88
106 85
475 305
99 348
638 766
653 201
539 425
405 173
821 632
624 647
347 87
457 864
758 706
352 725
164 675
372 85
733 777
741 647
684 68
116 457
220 590
462 245
584 668
846 739
714 445
534 366
465 801
94 525
786 266
697 490
320 182
50 140
858 616
41 501
516 68
767 176
9 220
22 745
146 742
660 802
386 177
742 412
66 312
464 530
543 106
25 555
281 784
57 307
812 545
739 365
622 113
778 370
190 651
811 824
274 637
317 749
136 614
90 653
772 340
844 565
22 660
663 837
623 226
634 538
861 394
75 631
14 621
806 611
376 99
414 234
762 715
1 297
668 576
25 706
222 767
223 705
678 398
795 858
359 373
243 435
680 844
520 149
586 57
108 472
398 507
642 800
293 387
329 508
73 78
378 784
662 128
178 673
503 601
409 522
478 492
167 853
518 583
188 43
258 383
111 766
549 331
406 585
867 808
703 24
452 502
248 759
456 406
188 429
318 747
733 356
456 272
99 813
453 766
61 561
484 39
312 535
681 116
860 93
97 272
15 32
4 718
451 267
631 183
141 454
790 68
198 791
461 61
792 492
555 655
868 191
579 465
580 481
297 664
621 78
600 788
337 541
142 442
773 5
315 405
735 868
299 63
282 342
716 767
532 331
305 223
622 443
367 157
425 177
605 280
331 632
214 92
823 344
716 438
348 563
630 724
36 295
345 318
776 289
181 380
521 259
141 485
126 285
50 583
705 232
60 110
701 605
453 250
46 791
505 840
319 794
275 360
83 863
219 343
192 416
185 113
473 388
410 188
704 615
381 75
500 29
844 580
444 193
634 708
25 207
12 330
269 287
28 537
376 746
788 731
88 386
112 465
216 456
60 17
503 732
560 195
59 186
362 345
844 568
721 504
812 388
324 248
392 571
659 55
505 424
314 462
720 813
601 41
91 278
787 851
817 776
530 451
507 379
758 205
183 433
692 53
561 541
790 442
123 838
741 595
208 769
792 142
329 432
71 330
808 284
366 611
673 454
709 424
861 621
685 12
410 655
416 59
25 523
246 793
294 60
254 585
450 468
738 609
498 740
292 141
750 12
527 697
287 546
169 293
416 803
335 261
33 350
352 130
651 128
527 549
289 502
675 118
838 500
445 319
458 755
45 752
308 608
248 715
379 657
233 766
35 787
8 295
579 743
827 393
753 608
410 388
