1000 4964
838 516
452 668
587 260
199 58
933 427
936 918
494 530
723 708
408 538
779 573
670 188
886 514
251 299
80 385
401 890
551 235
843 794
832 348
120 812
517 846
688 459
798 335
853 629
395 766
965 107
151 792
971 380
935 775
987 227
646 771
59 679
297 683
615 592
417 781
419 695
164 890
506 397
126 978
731 771
805 579
203 528
835 24
802 222
701 530
255 866
258 496
462 723
449 845
156 119
100 184
911 266
752 546
642 375
552 318
933 340
554 78
437 586
774 856
316 704
150 828
743 931
377 982
614 77
527 145
41 499
843 100
644 83
20 280
296 225
666 480
977 320
925 134
777 374
597 93
45 368
357 915
686 531
363 628
197 565
271 137
276 233
113 400
488 915
834 39
372 922
174 881
233 240
361 481
9 877
362 519
45 423
473 568
224 498
21 360
418 465
153 954
944 923
853 293
399 624
778 768
494 235
795 336
498 214
816 312
689 937
483 374
763 213
49 78
468 959
252 425
108 486
58 37
439 53
382 564
725 742
762 336
121 328
21 327
529 849
146 397
774 525
574 981
334 979
368 733
651 450
651 905
101 82
393 873
909 902
180 810
751 679
332 733
519 715
495 302
667 9
426 227
944 914
11 557
157 113
985 43
876 590
399 52
476 279
793 6
406 645
243 997
64 401
636 431
835 553
983 704
379 523
306 370
70 219
88 127
56 139
737 523
866 209
793 183
5 62
832 918
316 319
262 82
724 601
735 866
981 128
977 389
51 400
201 246
508 220
570 67
475 499
714 274
723 569
888 429
408 60
942 206
378 365
75 669
822 831
948 622
622 637
272 938
36 317
440 926
948 772
847 664
868 819
99 13
799 974
89 755
233 322
16 305
647 549
772 569
865 137
574 62
425 402
25 181
815 645
617 134
174 680
964 32
196 74
353 91
951 944
644 645
41 1000
917 619
408 485
425 585
10 633
730 741
922 814
892 993
609 82
164 664
438 668
495 463
7 335
827 208
466 246
601 414
639 370
131 447
622 516
555 860
828 196
989 446
118 370
524 209
283 837
333 168
677 343
21 124
878 861
536 553
220 37
42 261
478 90
886 887
487 248
413 756
730 950
488 282
879 929
339 539
754 485
21 613
903 810
743 924
361 238
726 170
247 952
509 758
678 777
787 969
40 653
94 448
738 799
23 11
617 425
85 584
99 923
268 933
196 410
821 324
768 112
771 555
620 524
169 741
90 274
936 171
165 876
301 374
605 893
325 112
163 160
291 245
25 135
427 887
462 929
982 168
964 483
103 913
930 335
269 873
74 374
534 223
772 831
607 842
56 950
23 862
355 940
796 606
504 935
381 385
69 870
466 715
858 29
426 618
659 228
109 764
609 690
220 770
404 412
758 39
869 833
1 685
745 18
999 779
140 220
711 328
73 616
987 125
145 370
456 46
990 641
596 54
975 409
795 472
10 816
598 527
468 176
513 370
491 314
456 189
55 463
903 907
958 825
634 467
998 229
735 679
317 806
107 516
551 623
326 861
536 241
847 606
974 82
759 968
481 337
944 855
262 62
945 181
429 92
247 289
659 899
874 139
939 548
99 472
935 582
686 338
965 203
417 954
180 322
785 928
438 528
838 411
795 874
557 406
965 554
59 577
249 404
581 566
580 849
912 147
87 163
513 830
628 589
506 812
957 847
960 789
761 561
406 237
45 867
504 582
853 700
233 22
512 242
911 234
452 304
793 882
610 790
804 428
186 561
219 360
28 32
393 135
251 726
27 907
587 848
768 982
57 401
699 846
989 979
695 96
388 273
577 496
596 340
747 821
796 790
211 920
61 764
966 663
967 287
364 939
384 233
345 190
347 301
333 503
703 927
262 270
504 147
963 569
947 860
140 750
513 332
587 453
109 302
122 552
811 611
481 847
685 70
667 711
372 327
798 383
545 969
395 686
911 243
452 319
698 434
602 445
130 250
563 895
433 448
604 380
126 599
363 131
783 607
95 909
222 265
247 160
669 942
547 196
378 844
344 287
804 288
862 506
437 538
507 558
596 194
671 528
249 985
28 995
927 241
278 344
745 696
161 616
217 769
843 84
292 568
204 509
440 989
89 884
961 628
408 898
964 10
158 961
360 664
531 860
660 952
518 426
22 463
526 400
758 837
630 929
483 584
325 606
636 79
653 231
342 5
144 687
979 823
808 283
644 929
956 582
538 914
350 390
406 611
279 581
69 747
585 2
801 94
197 844
254 584
774 560
666 863
538 904
58 734
557 882
541 365
466 680
125 442
785 721
291 280
900 28
958 366
615 876
891 274
25 271
977 706
802 884
946 861
164 858
551 94
607 13
693 584
314 330
387 112
941 810
887 358
174 253
265 993
965 30
543 376
804 711
474 404
476 432
630 955
690 628
528 641
671 283
602 453
551 444
361 359
774 463
459 563
81 804
725 590
591 940
833 444
643 513
998 903
802 457
198 267
36 626
626 334
238 632
888 270
343 946
391 882
902 460
323 112
269 244
732 460
343 953
894 215
388 784
292 701
165 496
393 679
62 96
834 969
210 482
459 879
675 289
414 279
252 342
481 817
327 569
825 250
160 430
246 907
724 850
174 521
504 501
765 528
783 620
666 911
806 553
624 136
420 905
690 169
719 354
459 997
367 756
233 619
333 900
889 83
874 409
712 350
472 88
454 365
365 830
824 189
442 365
577 766
649 729
428 149
504 742
964 103
447 558
927 712
597 800
490 17
458 976
592 899
156 304
132 238
353 324
761 327
870 377
449 563
963 764
801 572
803 253
471 390
939 697
720 845
108 158
815 408
782 211
927 915
15 373
489 611
248 290
181 535
938 376
918 777
459 545
975 903
669 803
693 904
433 969
212 239
173 507
486 220
489 588
698 690
199 980
401 492
627 937
996 947
996 5
778 336
194 373
555 218
487 471
342 548
260 907
573 355
884 261
227 209
624 879
628 447
193 895
358 19
196 330
217 971
307 501
660 707
717 814
683 287
645 492
540 214
392 895
612 238
501 582
384 283
298 914
573 306
732 369
679 701
946 725
248 436
12 686
723 84
89 317
857 4
892 848
710 282
513 877
713 527
953 102
934 128
437 1000
442 383
758 777
598 498
103 124
140 970
218 568
731 924
509 692
535 857
853 319
611 569
565 304
686 947
964 228
654 743
342 304
487 370
955 147
738 374
107 632
122 750
629 330
497 332
962 920
794 935
822 878
854 735
726 512
197 615
220 830
125 486
626 653
570 142
951 80
365 664
612 261
31 457
462 391
212 320
194 623
267 183
501 319
329 849
401 460
381 931
807 124
774 753
650 380
597 83
856 926
395 753
140 961
513 44
911 665
897 141
510 73
217 432
935 282
173 759
818 819
543 983
753 718
203 619
276 730
669 271
189 135
118 279
484 947
46 787
927 51
855 950
325 895
491 182
511 876
286 611
646 34
888 706
834 770
816 825
384 484
639 608
585 441
508 344
951 932
418 48
419 505
347 884
204 14
132 330
226 424
65 880
119 189
999 920
564 350
140 435
668 78
425 113
72 467
916 776
496 942
26 845
332 847
118 511
103 950
652 590
875 874
825 324
37 134
715 949
536 476
16 628
460 787
372 605
377 672
854 385
379 203
89 137
838 860
346 455
243 556
409 837
28 24
295 887
385 628
261 638
148 717
870 50
233 500
30 270
694 817
291 577
291 148
381 949
938 239
157 718
478 241
81 131
262 88
468 613
232 369
443 567
180 46
667 482
94 923
864 854
457 640
166 402
791 304
355 566
562 335
564 671
63 841
811 313
387 273
254 561
944 870
163 189
991 322
11 863
706 33
138 355
339 939
429 288
486 782
677 420
109 162
643 35
362 895
916 568
802 235
581 645
43 572
541 640
489 233
763 528
361 893
983 875
433 227
92 288
129 298
75 239
148 175
629 71
204 539
613 285
99 302
117 147
320 246
159 370
967 428
110 708
643 266
789 930
85 868
100 377
316 565
23 931
372 572
226 625
212 51
858 327
630 205
740 288
272 786
918 761
685 215
316 465
816 863
293 836
428 397
49 189
216 699
711 136
841 278
235 3
951 770
570 735
331 564
479 663
796 442
652 298
998 241
874 470
621 874
768 860
17 402
71 558
102 474
572 113
55 991
739 950
857 590
912 212
302 664
467 270
983 585
965 409
159 470
126 202
165 44
311 385
575 720
534 39
260 141
529 943
481 446
533 572
541 624
528 6
875 849
109 3
129 270
592 227
648 220
459 988
170 773
354 673
388 464
999 734
546 630
484 633
965 789
654 885
345 725
126 275
988 474
75 595
226 350
422 366
685 97
320 736
946 876
600 519
12 64
639 516
456 389
752 675
506 890
146 923
605 460
440 847
662 910
425 299
23 832
75 166
964 978
999 956
72 718
512 995
262 632
140 181
954 558
191 848
892 246
855 994
551 862
844 113
772 470
976 687
277 395
614 241
563 901
686 663
376 330
398 455
323 792
379 215
676 327
752 272
218 91
608 954
73 884
233 125
803 932
132 399
297 937
887 455
230 995
194 192
90 542
850 37
557 968
676 867
650 507
202 2
424 581
226 721
479 225
678 937
577 974
748 558
268 283
377 189
198 523
660 788
947 812
768 498
538 767
63 749
649 638
85 592
176 276
985 405
317 47
900 196
774 50
833 662
248 775
744 732
546 53
893 831
912 157
416 338
508 390
843 928
40 915
738 131
85 210
12 977
689 215
66 494
301 842
341 749
621 672
379 93
948 301
567 83
588 303
35 172
365 98
594 962
42 391
833 845
585 523
445 501
391 857
252 143
89 283
703 58
148 978
38 219
719 78
668 697
423 919
51 19
66 637
75 645
269 493
271 355
573 887
25 407
34 792
399 421
103 687
571 896
11 809
349 888
49 359
838 732
487 461
217 294
933 621
199 914
511 625
164 314
59 202
208 341
685 989
725 848
999 939
178 638
417 961
948 475
804 96
164 701
572 351
482 558
425 175
406 411
923 239
311 106
12 928
671 303
603 493
822 787
283 209
252 879
199 101
862 496
756 200
372 228
95 257
651 819
517 437
176 401
583 771
306 182
677 330
660 963
540 178
891 515
557 453
299 477
958 755
31 717
583 479
17 556
162 2
382 595
679 303
209 37
63 285
726 183
340 728
254 34
875 808
781 821
59 48
392 936
586 444
462 853
232 209
367 273
325 194
966 321
454 344
510 283
220 594
848 267
785 971
721 486
499 755
176 574
154 270
868 929
326 355
865 166
239 842
331 718
958 670
61 14
208 590
45 287
339 660
912 903
486 942
583 468
159 299
703 53
309 346
771 259
57 228
417 30
832 984
462 376
49 380
31 150
25 59
762 380
988 723
436 851
565 769
493 350
882 968
59 386
41 243
78 940
870 292
176 304
196 553
325 624
415 132
932 306
883 292
828 739
591 897
43 32
284 717
294 594
497 398
559 362
945 588
782 110
859 735
417 352
456 261
625 913
148 699
785 841
520 441
894 423
208 427
316 196
129 558
48 4
441 702
254 910
34 235
471 2
256 390
294 930
944 839
939 590
927 664
731 792
176 344
654 215
216 394
307 702
489 890
435 287
369 43
681 750
367 279
522 971
373 972
61 233
951 545
484 110
758 290
835 76
993 234
882 137
951 714
454 766
117 50
672 675
824 338
247 281
50 205
514 787
678 637
843 392
485 386
207 153
518 607
868 438
519 119
138 974
451 499
659 749
70 283
538 520
326 945
977 911
990 903
458 60
331 262
349 955
796 287
317 231
614 461
341 706
342 209
109 58
216 602
591 998
600 488
5 602
192 127
575 572
121 821
159 224
381 806
871 477
387 278
118 876
803 469
469 766
329 496
454 322
440 717
493 701
832 622
795 648
578 229
13 760
529 303
893 466
45 62
507 609
491 420
195 486
721 861
934 993
190 488
392 575
483 53
140 287
586 245
288 37
345 577
16 687
162 312
437 17
20 47
927 881
224 578
499 606
192 641
377 492
1000 376
176 293
252 733
361 183
424 588
882 187
666 354
557 860
559 520
891 549
599 763
105 805
533 33
932 225
181 632
661 846
439 467
219 697
388 233
36 866
796 360
176 254
755 461
875 572
513 644
389 589
822 545
185 128
513 716
460 656
706 83
854 494
46 919
203 778
931 952
210 353
255 93
883 860
756 821
978 568
189 152
610 210
279 616
891 467
967 594
818 474
30 395
800 473
415 301
552 879
715 942
774 876
81 699
536 86
797 589
853 78
58 79
11 490
667 409
971 243
217 817
443 312
254 366
742 976
516 290
917 907
441 134
95 70
278 421
481 303
387 872
445 460
380 548
912 431
362 55
967 459
272 664
864 834
829 315
187 32
425 800
852 716
817 821
655 628
982 524
35 545
967 344
74 588
570 585
25 937
771 840
314 616
439 206
669 344
781 505
799 980
341 903
378 883
576 691
975 743
291 431
991 357
278 242
349 765
922 545
888 700
725 609
425 955
121 211
49 350
551 422
986 92
768 881
345 365
254 810
971 52
535 687
451 808
131 880
226 101
104 187
356 736
959 844
731 289
698 97
601 622
352 120
905 92
281 615
307 781
822 808
217 980
36 338
54 779
951 59
40 112
186 243
226 794
80 881
635 631
465 328
941 221
780 718
527 320
847 961
518 675
387 969
204 377
796 974
693 934
275 156
548 705
272 178
842 553
222 32
610 400
384 200
958 224
478 917
539 229
56 133
828 236
342 133
716 434
187 62
418 446
281 616
136 784
1000 453
981 365
893 656
251 221
35 920
138 542
803 866
146 598
771 483
495 697
654 731
578 62
64 722
543 218
726 531
68 250
602 997
198 471
932 182
866 357
367 869
443 374
687 881
727 414
729 43
387 609
144 927
876 498
660 341
428 956
555 521
185 486
439 994
667 493
316 290
190 113
617 299
425 511
636 531
103 106
922 800
909 766
827 739
402 33
311 121
705 664
426 350
615 15
522 488
584 383
622 402
681 578
533 1000
311 884
864 966
42 654
333 445
903 170
692 530
392 337
726 444
671 305
432 594
10 196
273 594
468 765
681 507
405 283
23 220
889 470
997 231
746 108
164 780
678 711
277 678
911 616
614 849
25 803
245 952
428 360
23 93
974 704
762 305
92 619
648 974
862 131
274 664
485 906
186 342
385 878
802 93
851 37
265 272
395 628
585 113
892 236
744 34
41 535
181 209
754 254
517 34
846 662
297 346
226 336
724 908
139 932
928 47
322 370
289 653
608 466
989 352
534 974
831 589
980 168
985 821
985 163
768 861
822 384
552 111
491 813
946 919
602 726
332 65
669 504
220 274
669 94
349 842
716 720
655 544
177 673
729 972
677 142
886 806
237 60
383 760
921 628
259 819
796 327
441 523
961 702
49 955
799 202
661 736
433 306
841 397
415 358
344 680
551 495
223 435
646 592
957 938
507 323
201 612
691 673
712 26
223 568
476 231
414 582
976 141
80 82
244 304
744 249
201 890
356 572
802 860
654 997
956 463
986 919
570 480
256 429
41 28
901 467
63 391
727 751
28 763
505 79
875 527
198 529
596 608
954 441
647 437
922 155
542 704
90 362
746 935
533 55
13 47
604 265
921 182
719 457
715 205
311 270
745 885
718 463
194 283
456 299
107 624
222 73
883 700
989 829
44 973
469 88
743 717
456 611
176 55
692 320
875 32
829 512
458 897
604 922
849 653
464 908
481 548
193 693
218 625
583 53
124 241
991 184
197 528
90 421
829 105
535 310
12 416
593 286
354 705
762 210
669 406
870 244
636 148
835 828
711 330
885 257
325 289
237 884
150 849
277 984
774 494
994 135
192 704
1000 695
233 130
912 158
774 918
953 633
384 466
565 6
704 906
407 218
1000 890
764 589
541 373
507 3
271 657
629 62
699 218
479 501
160 845
577 76
408 508
570 594
249 243
946 315
341 605
639 410
744 794
554 820
988 143
367 350
388 994
945 911
539 18
907 973
359 532
859 602
490 235
698 852
346 673
384 276
367 355
718 755
669 245
75 609
451 220
587 955
731 574
392 728
572 167
836 560
667 342
596 624
486 616
434 143
768 366
626 549
808 76
633 455
511 911
627 878
42 562
539 272
958 177
646 290
485 474
875 344
654 564
345 936
507 572
607 161
758 55
723 19
64 47
120 60
484 114
801 926
15 863
911 906
833 529
805 206
792 77
403 675
95 482
908 842
813 126
603 171
601 707
176 402
416 353
643 994
75 43
916 995
224 276
869 498
670 253
157 363
30 139
213 169
171 355
576 656
785 886
719 8
497 912
774 250
387 731
10 969
891 826
964 156
451 428
967 751
735 302
676 664
205 741
207 316
1 874
133 628
889 699
599 992
621 616
50 914
269 937
108 215
685 687
222 262
179 728
297 891
134 135
194 713
817 970
68 655
354 690
381 576
609 498
517 409
646 665
188 846
315 830
418 473
502 231
928 259
198 782
504 928
31 351
417 660
678 100
789 471
185 286
518 424
757 480
815 987
458 403
381 431
262 618
802 545
659 920
345 621
807 383
114 351
321 214
775 790
774 222
852 529
482 689
724 343
361 416
967 629
949 154
738 233
559 399
275 528
493 825
593 192
918 687
623 70
888 282
485 410
191 970
514 322
291 380
109 692
771 177
186 44
649 327
762 822
11 708
230 77
413 680
206 348
464 620
822 524
825 134
81 8
331 256
405 895
797 834
563 237
765 121
289 926
804 158
163 110
347 128
517 233
484 83
190 334
617 34
582 736
676 621
515 927
552 915
217 251
497 601
576 905
760 33
885 817
373 167
356 33
339 414
698 743
994 91
42 863
966 521
551 693
382 143
923 926
829 314
517 395
495 628
24 390
23 342
6 234
596 65
787 76
49 386
583 126
395 289
73 4
534 139
284 169
94 790
757 498
539 290
813 320
571 827
597 46
545 24
176 336
878 46
508 592
380 413
575 887
459 986
793 940
151 359
25 909
688 251
581 53
708 579
140 240
17 304
392 132
532 814
293 584
438 62
49 530
993 760
965 135
634 577
679 739
546 447
144 541
841 214
334 376
38 731
384 683
620 788
387 211
499 374
459 516
853 44
249 867
718 810
587 557
967 468
366 831
721 860
563 143
575 531
277 568
816 637
382 35
253 812
859 433
382 991
316 179
954 369
563 455
187 735
541 91
171 460
617 44
835 783
786 236
326 317
865 685
856 563
743 644
716 573
11 666
973 821
603 651
959 209
762 776
769 221
382 370
186 31
885 695
266 548
985 229
871 658
507 633
989 96
76 37
41 93
304 672
637 93
500 83
815 105
546 152
167 242
911 177
731 156
125 720
626 970
515 312
511 747
692 976
539 961
518 872
978 569
794 234
671 496
603 454
676 304
342 851
308 234
533 836
38 951
221 461
21 16
118 162
425 5
875 637
317 986
835 251
835 590
239 215
583 980
89 432
255 808
789 27
700 29
187 527
738 757
343 80
79 447
762 905
407 713
391 324
270 915
984 760
893 386
984 223
198 141
604 842
399 260
384 446
661 524
990 434
793 329
743 980
195 856
959 678
781 759
763 830
822 854
587 680
745 182
878 409
99 897
811 662
41 682
166 711
961 467
317 866
835 83
151 536
965 822
118 983
604 455
655 705
716 726
829 290
186 88
876 877
900 794
637 680
45 792
545 474
263 966
984 901
758 169
698 428
382 380
11 381
293 15
369 86
813 840
539 239
722 927
372 434
301 906
68 939
806 312
642 413
38 711
935 154
955 373
396 124
833 781
462 792
229 120
286 875
916 773
161 136
197 730
164 131
382 699
508 209
443 860
886 37
853 320
875 177
233 371
346 506
199 44
552 886
718 665
38 106
884 641
666 380
8 863
577 303
745 733
391 293
230 279
379 971
975 318
68 728
841 242
895 792
772 734
203 390
149 787
222 955
667 858
23 741
848 337
415 479
504 903
746 138
801 58
747 930
532 680
604 553
292 781
115 866
885 709
707 304
478 79
338 474
253 645
419 729
631 586
684 219
830 14
401 653
140 681
300 135
945 427
375 776
865 449
605 645
89 26
552 296
170 553
204 432
295 444
722 104
382 518
923 348
534 689
795 651
892 5
285 209
251 314
72 952
930 723
541 175
617 397
666 502
813 954
479 143
757 177
502 233
87 769
54 220
540 296
130 187
369 905
426 351
9 461
870 201
545 633
69 784
45 81
803 128
783 926
678 33
475 371
828 136
518 259
955 935
188 47
809 364
508 505
69 693
183 211
393 771
423 320
479 871
415 655
559 505
262 779
696 748
13 858
179 14
177 225
164 781
551 147
458 558
420 505
95 26
483 542
557 638
481 253
815 622
688 824
798 167
874 380
89 507
522 79
587 10
393 808
455 143
555 101
258 383
684 58
777 616
593 935
464 823
174 315
953 687
824 461
811 550
318 705
682 96
520 283
693 499
422 175
868 331
634 82
870 83
598 52
999 878
931 662
698 108
364 423
536 549
286 131
423 377
722 423
479 315
300 4
963 348
785 214
499 919
252 442
325 28
186 2
642 827
94 589
883 149
646 851
244 567
936 823
762 353
382 34
377 402
217 902
208 27
43 929
436 430
516 13
129 773
686 914
828 340
620 761
151 911
834 578
443 418
816 526
726 702
585 121
54 360
309 601
882 374
491 636
277 59
758 91
651 322
318 450
856 805
727 567
491 835
527 572
766 819
963 211
164 940
453 410
737 860
458 154
645 246
177 219
25 328
25 758
634 460
392 303
581 323
11 112
31 806
103 824
416 181
146 354
596 369
979 657
574 866
684 409
116 446
959 273
45 902
195 691
503 922
414 158
604 525
698 13
437 701
991 298
470 360
351 907
56 855
467 134
60 429
744 764
571 179
423 244
41 362
459 538
388 908
44 209
45 168
176 532
599 507
267 114
199 143
15 431
254 301
307 243
826 280
719 301
868 614
153 772
610 800
62 259
559 963
283 82
462 286
361 681
531 837
723 455
42 558
883 556
40 370
773 128
714 697
522 896
889 131
651 748
73 932
876 399
144 464
722 521
809 692
38 166
224 110
518 929
832 184
479 112
816 418
54 769
690 327
138 536
158 817
485 687
586 705
676 693
735 323
38 49
369 315
59 924
149 461
180 476
336 76
9 138
139 970
928 53
927 7
583 346
897 229
570 256
181 92
951 157
700 86
748 214
614 995
868 954
689 406
967 738
263 586
602 202
379 552
531 842
569 3
959 686
937 940
646 733
704 929
21 628
795 577
813 354
300 750
869 336
871 44
526 455
103 589
415 880
587 739
862 124
24 653
977 44
387 637
229 183
265 966
918 344
822 323
966 323
522 507
571 105
627 28
609 569
663 234
663 657
426 886
891 403
301 763
802 416
602 44
804 396
860 33
130 514
848 430
297 115
705 926
339 648
545 821
394 446
965 490
149 806
257 880
385 455
596 480
669 502
746 219
251 747
909 840
896 702
90 807
345 690
626 949
275 226
832 675
629 211
518 915
333 524
248 832
746 913
891 661
250 566
243 500
753 65
717 91
440 505
367 806
703 920
393 972
635 574
692 674
428 29
30 306
608 65
294 327
20 238
833 940
99 160
742 60
157 362
451 542
456 979
827 676
989 952
828 973
333 105
265 663
210 500
853 504
673 370
777 819
142 287
366 606
812 530
722 347
840 179
338 881
63 209
945 59
425 693
481 979
195 572
15 274
833 358
75 82
220 556
496 690
956 403
743 867
598 98
600 637
925 261
693 155
140 715
164 81
809 841
313 231
849 290
887 450
138 385
943 969
858 77
85 170
254 877
212 839
683 106
422 18
228 755
190 14
299 808
671 819
928 371
195 660
417 977
768 492
272 257
511 758
954 926
848 373
41 580
980 386
64 983
282 560
634 717
247 365
247 598
150 535
325 981
822 995
1 162
159 902
921 282
772 435
977 160
316 412
157 896
72 714
420 204
651 984
884 524
108 401
643 422
440 705
494 169
204 956
153 694
655 753
957 816
542 966
232 878
820 756
313 943
68 73
378 564
948 259
329 770
381 713
534 241
38 319
791 258
795 144
689 693
836 44
546 707
503 77
177 44
798 560
55 7
440 287
255 741
494 395
331 807
765 123
999 845
756 787
377 836
301 590
160 942
144 980
200 447
517 942
911 644
22 242
334 640
692 83
580 373
448 771
677 538
305 910
674 348
667 309
761 466
998 431
804 43
1000 554
433 980
310 704
449 849
875 166
238 750
424 102
776 155
591 881
779 755
687 474
67 549
875 327
964 583
397 823
342 884
856 773
114 133
395 213
387 606
610 212
689 194
283 231
798 113
891 689
51 323
795 863
54 619
865 683
202 579
59 259
518 709
369 687
207 588
758 628
635 1
122 180
780 699
286 558
562 395
90 93
364 588
552 725
95 986
874 828
316 687
387 681
796 539
587 895
748 250
324 926
432 851
432 664
375 829
16 530
1 884
807 404
94 524
42 542
243 179
300 704
988 169
28 828
888 32
591 161
108 787
144 860
199 179
643 178
516 537
277 61
613 214
332 904
281 200
429 739
541 904
138 577
422 907
314 445
940 972
337 161
210 177
751 239
945 930
466 656
585 880
443 817
217 814
944 71
401 471
398 465
203 402
874 909
277 306
388 670
405 723
277 155
139 305
838 871
137 324
235 773
714 423
37 91
58 323
384 594
994 106
537 910
368 729
172 319
652 548
230 568
690 969
694 476
644 152
988 742
402 641
918 355
459 7
693 920
300 155
193 119
466 175
705 766
485 743
35 884
309 739
420 954
996 982
794 273
297 863
502 673
946 414
503 818
17 623
487 596
364 468
783 786
576 943
991 521
646 383
44 39
750 616
955 765
999 615
60 962
527 321
985 237
146 979
71 735
437 240
185 322
985 286
165 564
547 451
1 626
748 52
307 668
397 184
440 902
513 915
719 469
593 350
333 400
975 993
82 656
377 206
802 972
841 383
125 814
571 927
552 315
551 349
789 178
149 664
774 430
210 567
960 91
157 627
998 934
107 309
750 200
533 189
575 102
117 133
652 144
985 840
12 905
87 455
180 91
436 205
185 331
149 890
647 90
635 679
63 708
834 405
159 801
674 206
841 407
230 923
508 34
346 133
511 215
422 758
688 3
830 4
596 143
335 421
545 353
709 680
565 662
603 608
195 527
38 930
608 924
516 645
168 214
294 961
758 239
427 790
944 444
975 132
177 152
798 227
783 263
880 404
951 364
648 26
408 991
540 453
924 901
118 761
139 651
116 283
840 76
987 568
932 111
291 97
440 805
682 236
554 697
139 244
173 999
300 318
1000 924
379 674
414 377
803 721
415 192
217 24
733 560
169 653
367 246
522 708
373 672
665 861
129 113
506 3
452 91
74 818
751 92
964 373
55 597
495 231
170 225
996 536
185 156
101 380
247 461
378 396
181 821
514 711
200 131
443 105
580 947
934 168
593 661
515 937
81 573
243 913
407 40
799 609
690 465
782 972
395 595
326 56
703 250
257 711
627 823
756 303
170 3
639 206
815 922
523 976
433 883
195 620
179 371
900 106
436 789
164 178
402 741
130 770
295 920
60 566
561 289
28 20
873 158
104 402
603 638
159 180
326 273
71 413
516 318
183 524
921 480
426 549
688 357
502 653
46 734
565 566
605 671
72 117
804 446
126 158
779 58
481 329
336 143
276 287
194 952
965 759
130 149
107 358
786 860
574 994
514 121
983 424
210 430
771 749
34 172
843 801
92 65
205 787
574 484
888 619
6 474
316 79
221 324
393 556
28 472
88 830
676 127
198 882
326 264
454 861
271 441
827 984
771 567
721 640
900 644
25 326
207 106
617 823
10 303
247 451
601 192
621 871
394 411
794 409
364 106
239 910
193 176
630 373
982 584
940 53
819 143
646 137
797 7
943 919
105 244
31 201
729 978
459 412
901 812
607 79
510 573
187 755
333 830
456 303
797 770
941 669
762 465
686 404
636 589
70 602
343 135
551 489
475 823
849 435
540 267
210 674
869 518
247 984
565 784
509 910
379 211
967 562
293 674
987 504
308 839
55 149
329 39
95 759
422 365
154 288
832 73
64 483
389 567
781 810
284 326
213 344
841 237
552 88
555 943
917 704
791 235
478 233
958 130
597 450
781 699
106 568
230 97
217 910
132 161
777 44
102 968
462 651
7 739
999 469
104 837
604 267
624 4
95 841
204 728
650 120
45 732
301 370
925 749
980 947
965 342
118 871
570 262
862 998
576 609
459 935
922 974
207 120
248 722
634 897
780 480
446 675
583 603
157 3
751 993
535 788
420 858
989 940
828 500
800 871
614 397
744 113
562 611
663 908
875 947
712 495
237 993
308 567
89 353
275 243
331 510
205 3
99 512
868 146
541 20
754 578
754 939
891 83
999 466
158 139
277 918
933 264
456 627
367 787
955 962
946 586
852 27
712 561
251 353
56 471
454 765
807 187
613 429
478 982
945 794
982 167
379 555
602 881
967 945
508 141
876 545
436 15
275 773
591 346
132 256
803 500
245 244
725 58
600 647
768 829
14 914
570 99
454 96
438 613
917 323
439 590
273 521
80 693
476 330
104 913
888 909
100 800
931 548
126 440
659 94
971 589
276 977
936 398
993 355
539 500
648 258
226 969
153 479
370 91
391 486
636 713
257 312
487 121
12 337
25 504
367 77
717 637
496 253
226 485
262 154
428 182
107 577
433 626
748 290
108 52
311 906
276 881
224 819
676 444
894 363
276 686
723 260
636 994
270 544
770 360
272 729
754 597
415 519
828 377
683 595
355 664
392 494
905 992
848 59
69 741
88 167
959 939
417 506
204 441
487 868
186 738
898 582
669 834
122 740
448 831
674 143
783 645
571 54
700 568
684 495
543 405
116 217
850 588
27 142
670 227
856 486
650 884
13 879
424 139
676 206
967 498
643 885
401 386
854 914
280 663
932 242
190 499
157 687
160 215
683 315
841 26
987 215
809 686
240 970
612 851
539 597
224 697
867 311
314 298
10 44
447 113
68 173
178 16
252 692
258 152
947 133
813 682
905 236
248 308
727 932
891 983
503 848
198 890
244 285
869 505
210 349
571 398
710 504
765 312
11 791
552 989
140 200
690 460
700 211
193 137
868 746
333 684
924 644
617 481
670 373
945 871
893 766
50 824
508 604
398 909
11 515
661 606
893 78
894 890
293 664
991 771
691 74
432 120
487 502
469 632
159 897
161 640
452 949
607 765
186 756
991 850
153 895
540 381
652 359
947 357
126 316
163 668
752 843
555 142
830 260
25 872
996 20
911 480
643 627
378 120
503 990
89 888
192 351
221 787
459 130
901 39
849 168
635 742
796 693
11 282
489 59
50 819
507 709
199 779
665 246
793 937
331 806
542 556
704 40
194 476
639 754
342 844
398 766
951 72
178 569
419 256
615 223
854 893
31 377
262 904
255 385
639 772
284 232
387 236
833 505
10 231
382 158
506 259
67 130
34 225
678 707
861 33
384 427
366 826
903 881
795 104
617 581
372 463
302 136
140 355
802 250
804 714
344 755
493 218
898 220
862 661
42 874
313 662
551 673
137 950
563 962
339 590
552 597
521 134
326 141
988 640
457 114
292 962
756 47
115 514
651 141
157 913
725 61
893 978
73 982
550 700
497 663
466 429
204 947
795 653
116 746
943 973
165 956
362 192
948 847
398 386
164 257
165 413
853 758
827 317
539 640
99 962
762 571
923 411
1000 492
525 910
513 411
713 969
825 844
224 226
115 706
721 718
666 171
151 122
64 4
372 581
395 940
126 454
550 147
23 781
422 904
593 764
226 296
889 88
422 214
448 429
121 633
912 540
659 655
785 696
988 404
18 915
879 231
113 972
519 572
738 760
61 47
816 82
744 784
126 160
625 711
256 979
276 52
832 370
922 169
990 120
7 196
233 514
671 790
265 907
177 86
75 742
287 83
765 128
48 26
517 631
494 104
191 343
486 371
763 84
263 954
13 110
126 820
965 731
629 335
18 708
464 194
810 568
308 172
960 69
924 910
210 169
247 481
66 728
215 6
539 737
438 909
80 607
478 942
742 111
570 517
341 674
153 992
547 542
688 690
577 121
51 880
894 554
639 339
703 131
45 628
744 517
284 51
268 904
748 53
964 61
987 601
552 429
826 829
661 192
537 287
385 461
499 561
153 486
413 412
617 28
607 884
31 13
269 306
509 7
553 767
954 240
828 665
354 840
834 775
670 161
853 826
317 840
548 264
469 662
388 225
255 366
457 246
369 184
738 321
676 606
81 706
923 903
284 411
984 705
235 46
302 348
252 910
883 40
166 356
810 837
426 950
723 92
245 736
511 203
765 20
858 374
676 465
586 236
832 914
121 98
846 282
646 919
629 709
372 229
691 705
692 46
219 172
824 884
468 109
326 233
862 512
756 3
612 264
117 673
262 202
464 541
420 888
853 648
340 128
196 653
875 663
694 818
420 824
811 943
204 983
116 420
81 142
457 168
778 898
709 638
726 820
103 565
765 786
425 36
630 78
606 270
92 477
185 152
368 200
339 882
538 700
905 74
224 350
212 636
301 530
468 147
87 1
415 195
329 696
44 376
613 818
78 817
923 532
321 473
283 270
263 1000
622 377
689 312
165 147
574 764
655 236
23 277
151 832
460 926
559 498
979 231
864 581
868 672
857 726
604 70
181 307
36 93
522 895
817 274
375 637
738 569
617 296
502 826
956 612
985 857
935 167
179 184
181 799
437 202
637 759
276 200
810 823
668 858
729 71
337 625
946 673
671 321
964 221
587 576
531 594
955 238
1000 454
916 24
333 419
176 749
422 737
166 938
297 809
797 928
45 187
728 473
484 58
263 926
909 530
382 702
382 260
493 180
21 50
605 20
80 428
188 709
263 149
212 345
654 112
794 919
805 460
129 302
220 899
848 92
277 350
655 100
867 594
941 274
541 781
49 471
35 121
248 477
693 76
694 298
954 434
57 733
667 404
773 537
396 623
28 426
321 720
752 962
107 758
128 913
433 682
221 972
165 847
42 928
630 29
9 325
961 992
546 635
375 327
485 328
559 453
126 492
769 323
163 792
990 800
437 261
97 567
848 777
761 536
614 74
778 556
840 905
13 849
676 28
911 840
202 154
644 53
974 905
258 526
208 365
996 414
210 970
299 976
854 473
425 371
286 399
12 942
270 581
932 389
960 349
754 101
516 580
424 215
886 942
669 385
562 381
585 299
799 632
564 166
586 768
197 700
201 979
823 664
662 672
61 365
993 770
719 603
81 403
361 369
445 29
546 969
138 170
449 218
451 663
432 579
699 238
288 653
401 961
536 121
354 995
150 424
540 443
939 36
275 913
160 680
802 859
339 426
868 902
54 52
457 320
862 314
342 653
595 477
688 94
639 858
838 994
570 907
613 808
629 561
888 523
542 711
408 994
925 935
627 485
16 805
951 17
239 884
536 902
773 492
828 777
61 885
775 274
745 362
163 48
194 486
189 672
551 459
933 662
644 266
426 274
129 574
1000 145
116 205
975 483
83 530
122 6
746 651
527 258
361 687
913 189
325 235
917 712
844 792
164 376
366 890
743 234
601 675
178 584
362 226
634 957
219 950
951 505
148 506
205 759
99 470
561 810
438 956
279 741
557 179
490 857
181 41
897 360
369 313
665 756
23 763
315 264
727 528
544 995
224 524
265 665
361 519
547 760
73 155
109 130
863 594
198 148
956 202
42 394
706 929
989 741
48 673
506 808
368 324
72 989
713 849
218 209
150 435
543 184
864 707
367 69
901 450
957 37
854 264
923 791
284 543
102 818
124 913
46 821
518 955
795 887
930 895
185 531
419 532
475 595
600 346
651 282
482 886
797 130
265 305
835 806
838 507
803 817
753 78
574 385
479 303
707 86
546 978
892 828
272 897
493 145
186 587
80 58
724 101
946 789
601 35
603 707
987 765
72 409
733 401
666 474
498 431
557 601
780 102
503 201
514 992
153 528
951 512
646 972
539 1000
495 819
97 480
170 470
591 782
816 556
603 481
605 209
909 445
797 94
774 788
71 812
883 346
391 257
204 825
518 800
157 908
580 664
676 376
785 730
358 298
944 172
331 134
244 749
889 43
762 283
239 219
659 730
750 82
808 821
827 678
804 512
746 853
151 224
436 718
561 663
871 92
946 296
503 525
930 27
109 683
737 530
224 448
167 992
167 303
170 465
296 581
963 65
826 152
641 274
841 573
623 861
901 214
724 4
228 97
677 998
269 364
364 609
680 98
74 209
457 47
573 554
333 143
595 836
581 4
559 993
525 70
300 829
855 270
384 576
87 450
411 282
716 976
733 942
572 39
30 154
652 79
362 412
964 595
252 144
825 824
955 579
964 62
275 349
192 101
985 220
233 805
732 615
783 613
586 739
486 984
458 351
223 390
499 51
778 618
504 389
191 974
802 798
503 808
305 673
610 845
111 317
42 923
659 961
740 728
64 478
852 431
304 824
416 225
934 441
796 748
917 160
415 251
831 851
309 33
649 2
808 264
415 248
674 465
916 104
494 84
738 389
801 735
297 262
996 318
859 608
85 180
69 735
146 655
1 205
789 156
590 242
847 351
249 89
523 279
372 743
46 250
794 400
271 590
181 626
772 766
750 817
313 682
565 158
885 628
335 24
323 544
947 39
586 102
345 134
643 318
382 70
642 242
627 847
774 665
831 77
853 376
10 993
689 887
802 590
513 385
458 428
881 421
650 70
277 597
561 324
210 728
597 924
321 657
216 260
783 188
859 103
164 919
642 214
130 441
591 548
284 280
358 324
200 98
787 806
572 93
719 286
258 606
840 147
325 549
485 79
50 581
824 236
536 363
311 429
55 792
922 175
10 1000
853 410
798 672
159 68
345 56
942 142
382 407
420 558
833 177
752 748
207 678
334 474
869 58
248 482
174 533
93 675
402 96
488 91
960 328
66 548
533 824
198 296
493 390
958 512
459 913
874 48
408 530
652 704
392 781
793 470
268 6
416 135
750 390
54 531
652 109
610 854
42 628
777 767
667 840
731 404
698 766
889 119
564 334
985 311
859 855
490 5
643 857
383 135
535 266
382 145
116 511
816 413
888 826
528 33
993 259
197 725
181 240
483 71
513 91
903 322
230 907
467 530
785 348
396 640
678 523
199 59
146 69
809 991
222 829
23 180
850 656
652 260
642 13
252 410
66 108
643 388
347 893
60 370
667 833
887 383
339 701
798 771
682 403
395 130
757 615
1 836
511 524
57 781
900 985
632 663
173 446
525 500
479 561
35 549
466 350
811 190
975 436
596 130
651 290
853 226
352 390
649 98
235 26
623 903
783 771
60 410
80 115
903 637
408 213
579 91
174 662
176 17
764 370
875 74
602 910
985 772
878 766
164 101
607 878
813 272
249 57
372 445
889 525
843 913
802 739
415 179
73 37
717 842
240 594
738 305
224 764
614 324
9 448
724 780
319 231
284 11
629 70
341 86
234 461
586 678
795 106
368 983
223 908
866 32
201 619
616 242
462 424
377 879
690 319
269 298
217 73
399 625
789 884
728 14
917 954
888 711
722 770
453 338
772 120
468 513
394 492
894 438
180 445
819 96
379 381
399 93
332 17
627 899
306 788
481 224
597 103
980 105
393 793
891 560
107 362
903 283
491 388
451 607
369 221
331 866
596 884
387 532
796 374
45 48
635 899
376 558
56 940
384 318
97 715
738 443
23 82
5 931
870 531
341 852
429 290
251 334
463 410
631 1000
146 174
755 155
149 680
97 239
80 97
975 870
95 445
482 931
854 936
28 82
31 761
32 638
604 71
197 919
872 238
700 877
807 260
975 791
841 112
873 98
800 206
529 256
857 915
486 447
469 776
201 234
938 123
783 143
902 397
835 439
851 32
944 334
634 845
288 968
925 986
635 279
489 167
932 992
346 149
533 431
844 65
862 608
974 741
222 142
64 816
99 10
923 748
157 981
263 921
140 133
340 906
586 469
107 641
36 569
156 410
180 606
655 184
80 88
958 775
809 984
299 390
496 842
764 549
103 469
473 447
611 52
167 135
886 549
25 807
207 28
427 919
854 455
451 883
915 39
272 760
347 92
41 234
630 574
666 111
614 804
297 640
251 115
120 29
118 632
297 954
525 931
604 404
268 506
269 51
219 390
917 995
923 83
313 77
424 371
21 831
631 128
368 581
948 837
636 679
714 626
710 687
34 324
604 787
66 713
916 407
559 603
496 37
811 203
850 473
225 471
815 318
670 130
267 259
468 971
31 369
732 2
932 812
717 338
424 537
25 808
496 972
797 730
891 214
31 203
462 922
414 154
144 485
695 319
5 405
150 335
833 514
906 569
389 787
541 950
802 216
912 277
894 645
532 453
364 266
165 316
149 594
711 152
663 818
780 219
559 27
542 33
925 167
102 39
506 609
983 465
933 748
42 906
751 544
662 784
229 477
296 905
334 705
922 446
64 485
190 720
598 189
853 683
947 512
505 840
533 557
162 39
721 211
958 591
941 184
248 572
997 358
964 164
153 307
515 255
366 303
900 931
503 699
300 577
456 100
122 787
800 322
12 163
985 407
269 502
676 906
217 496
988 721
730 6
239 290
901 241
872 981
816 834
428 632
535 187
394 312
103 830
667 17
491 142
864 41
21 287
424 496
423 183
578 177
247 467
486 626
430 656
87 689
254 419
193 39
203 955
413 705
961 531
912 500
487 156
325 833
292 484
535 903
552 445
958 961
335 40
688 618
210 409
156 48
448 633
95 929
178 101
306 46
894 695
958 839
181 469
297 772
959 505
636 346
709 183
49 192
144 615
487 351
951 723
362 715
75 580
614 998
955 844
118 698
800 717
31 730
783 363
956 644
753 950
365 93
936 167
574 787
517 687
278 938
992 131
483 238
853 499
729 189
88 51
810 849
779 161
290 594
917 321
864 691
89 831
258 907
891 74
494 808
299 640
407 220
46 986
838 567
565 229
269 947
15 413
159 806
770 421
516 705
671 718
208 113
797 998
617 640
263 96
945 905
89 733
570 888
675 96
146 315
642 724
534 421
517 403
994 919
960 875
226 950
406 231
669 141
875 427
210 776
854 395
712 550
268 695
17 575
235 812
509 955
772 682
55 830
886 545
591 664
960 922
868 51
85 764
500 707
782 327
855 791
416 76
197 526
165 335
347 612
974 672
8 182
888 545
265 350
300 188
891 99
165 597
449 499
513 579
467 845
950 952
347 302
918 657
362 884
758 623
409 844
263 953
563 623
186 940
392 53
595 791
570 647
789 241
314 211
188 179
578 154
65 501
945 328
174 138
506 756
659 733
493 463
384 626
573 320
99 936
575 763
13 175
562 211
764 974
727 314
694 300
396 279
698 380
672 234
403 319
387 916
580 499
116 358
999 507
515 917
575 241
343 914
132 473
857 512
741 640
331 879
338 328
601 374
408 843
434 298
381 17
551 206
509 519
95 722
31 779
923 60
9 848
636 899
763 136
195 863
336 672
863 770
964 402
511 500
504 305
371 289
308 398
337 401
254 882
389 675
176 272
89 190
967 815
325 781
454 902
221 93
847 672
495 22
351 26
427 579
816 321
28 404
339 300
338 465
177 588
646 620
693 84
436 260
662 128
666 274
733 156
600 505
561 19
67 771
700 2
415 576
677 359
378 133
41 477
300 907
600 742
268 233
254 923
195 257
811 996
518 1000
173 36
138 595
505 121
489 298
489 893
181 228
68 156
366 623
934 888
856 918
277 6
650 608
852 209
873 377
835 462
631 383
195 559
269 983
987 560
381 509
275 541
22 588
367 830
576 344
316 873
23 599
248 655
28 514
503 501
587 603
20 750
308 818
902 401
312 640
648 549
576 2
13 413
61 454
617 781
82 973
191 253
195 163
602 858
490 16
255 910
809 969
115 219
99 991
761 320
372 28
407 96
873 36
715 271
195 48
657 141
533 973
1 340
69 645
41 224
709 567
425 833
831 338
634 730
727 523
484 687
105 323
893 170
228 788
694 696
642 512
605 421
95 450
244 453
486 270
235 880
345 618
552 131
73 763
18 611
41 463
73 432
540 586
395 469
652 601
635 636
111 287
603 880
322 544
529 696
490 590
255 450
99 763
865 394
438 348
294 241
651 498
681 737
959 700
527 290
768 500
608 413
395 805
194 266
41 233
189 374
669 321
445 236
138 155
122 260
379 766
605 782
659 471
882 705
199 648
329 19
938 609
556 360
683 940
100 902
777 717
781 110
879 320
667 781
585 767
625 33
128 899
291 309
864 518
886 136
523 405
154 40
943 435
339 293
252 455
107 878
38 295
352 111
654 684
100 274
941 324
816 616
950 640
752 929
786 134
458 132
365 189
503 619
539 520
23 70
763 413
372 145
635 163
504 852
