886 1716
716 782
741 685
189 224
816 252
47 587
839 106
725 778
467 224
418 282
534 692
496 773
546 30
88 154
733 225
400 571
719 327
405 267
322 787
340 304
514 317
722 5
667 652
869 269
374 430
19 96
424 752
646 335
408 842
139 177
695 331
861 436
601 654
525 381
663 144
342 865
328 69
832 96
450 424
12 487
859 780
850 530
136 369
85 716
428 844
521 532
266 505
695 320
623 807
356 96
657 499
646 31
777 649
872 648
661 434
135 789
469 540
789 606
846 172
412 524
622 105
520 738
780 761
527 554
159 177
736 80
457 593
872 453
690 641
196 765
679 812
19 554
59 707
336 460
724 365
463 251
320 123
222 886
230 685
323 359
805 354
679 852
426 555
522 580
756 582
150 518
639 72
250 140
821 633
661 122
129 793
866 671
685 185
227 692
47 842
673 399
787 566
306 729
739 235
822 412
454 529
178 236
393 207
13 526
582 636
82 799
874 544
348 196
689 637
528 872
662 400
342 467
399 8
475 702
758 650
332 603
38 843
349 607
651 93
428 671
735 576
83 370
211 348
376 594
768 537
510 232
728 439
229 726
782 148
25 350
189 40
523 776
448 851
431 223
786 695
307 466
860 324
47 722
34 502
738 37
61 304
634 114
321 547
434 834
271 35
547 624
163 804
475 118
476 120
425 256
744 98
235 617
52 670
553 471
882 511
811 468
498 60
541 558
675 411
324 640
492 239
42 170
674 138
461 532
780 36
106 648
211 817
342 536
398 421
419 439
684 121
712 330
7 691
28 843
70 1
588 710
862 509
314 421
248 742
466 680
694 287
626 705
367 7
143 876
79 473
322 468
777 229
672 450
231 297
111 89
96 89
595 113
759 392
228 590
262 579
823 1
608 297
336 44
745 333
303 87
694 859
162 46
517 835
520 579
722 182
299 139
335 761
62 391
123 697
144 866
776 700
308 343
442 55
211 750
247 649
93 35
57 578
353 491
504 617
226 202
135 851
1 736
213 252
846 317
512 601
289 878
153 846
471 787
521 627
178 209
471 597
799 225
267 464
571 731
553 52
495 675
351 729
851 238
799 118
47 333
567 250
807 829
174 194
229 741
436 543
723 157
420 782
244 714
802 606
30 567
507 371
664 611
53 17
193 446
125 785
237 748
78 409
267 634
273 221
579 319
784 751
159 52
437 728
136 674
325 146
698 777
256 646
24 376
355 829
525 9
328 690
219 544
571 122
765 160
795 514
819 562
333 389
711 688
644 769
744 856
526 176
252 426
256 455
746 791
303 435
806 869
182 350
282 183
564 671
84 692
712 757
859 45
863 440
756 776
354 216
137 403
194 667
54 578
689 116
605 333
202 288
39 209
41 19
816 113
837 709
475 473
183 503
776 169
578 384
504 770
290 507
716 54
189 743
41 67
158 873
252 73
435 14
400 92
558 672
481 732
634 624
875 492
345 663
160 524
507 234
317 357
245 760
339 227
555 863
299 96
784 858
783 339
181 401
740 839
545 505
374 717
360 300
103 460
785 651
201 758
241 543
563 128
213 460
530 75
61 776
152 540
604 264
235 439
311 271
600 42
762 841
670 139
581 223
345 197
453 364
272 744
578 493
724 380
210 83
210 817
694 385
839 861
424 355
702 26
590 738
72 154
515 415
410 230
160 855
488 292
610 329
828 496
478 553
569 768
490 654
786 467
383 803
208 237
715 328
843 287
183 157
504 141
233 735
491 306
27 180
339 646
746 74
303 500
568 400
558 224
748 233
400 145
373 92
637 746
177 404
591 580
430 561
200 66
850 4
524 325
817 664
277 376
794 18
818 526
235 616
574 598
613 847
412 615
278 88
176 574
405 52
643 114
778 268
327 586
841 340
162 306
717 79
209 312
318 490
280 413
123 306
682 792
725 678
426 596
254 44
74 485
352 568
694 356
128 837
570 548
274 626
441 258
4 66
653 54
54 443
59 812
150 581
333 795
735 501
834 48
155 186
688 527
569 551
882 128
756 44
884 25
290 224
200 857
385 333
297 227
782 289
337 23
161 230
826 240
376 200
448 597
548 136
80 795
797 631
669 802
17 443
128 669
637 794
733 752
792 659
360 363
184 579
310 722
577 60
530 449
235 589
473 112
628 342
698 433
186 80
133 567
578 667
578 68
779 518
859 238
474 128
794 201
372 426
616 883
817 694
622 756
131 197
693 289
641 784
603 617
431 432
166 278
152 214
244 143
335 240
463 431
237 27
323 111
177 840
640 352
1 268
737 26
132 655
460 249
189 277
64 785
551 844
433 278
347 226
761 663
728 467
314 738
349 758
116 231
125 111
732 57
146 202
855 872
594 457
228 642
874 707
752 198
115 327
798 555
527 550
21 743
557 42
65 235
692 217
824 743
686 858
84 137
694 124
221 304
885 148
588 492
562 153
105 744
696 528
803 875
642 586
661 222
423 586
778 395
866 380
600 570
105 124
203 878
663 603
10 636
85 270
835 498
51 836
589 315
695 456
511 794
344 271
649 203
803 484
772 714
11 770
140 345
565 29
574 286
288 539
661 224
178 139
846 665
21 754
434 226
453 209
313 300
688 480
344 203
531 353
606 231
516 11
592 401
811 807
477 380
481 438
85 598
765 639
4 438
194 174
470 131
773 368
122 803
595 730
263 135
385 704
100 544
468 663
490 81
809 8
275 241
39 130
631 734
400 66
292 525
701 321
574 209
483 710
439 456
527 270
765 858
557 611
600 645
471 494
832 867
745 25
66 177
340 570
173 40
866 542
201 485
349 122
829 389
117 856
871 864
302 693
602 688
452 575
83 381
771 50
126 61
630 125
47 208
565 856
455 399
243 410
289 787
398 416
202 186
58 679
2 632
215 479
416 756
538 713
395 85
556 392
521 442
479 806
281 45
381 576
279 812
28 679
802 292
586 73
502 634
430 429
50 826
631 699
205 670
738 824
102 110
425 348
870 99
517 823
350 536
524 815
124 752
694 140
624 259
790 549
118 72
172 747
28 813
179 257
127 234
516 554
97 664
350 826
691 666
431 415
292 12
754 723
683 782
149 491
133 353
174 477
576 641
296 611
780 596
220 649
628 757
784 788
648 238
852 67
571 429
844 274
316 256
861 60
238 266
120 571
411 138
89 141
626 412
421 860
614 303
192 119
868 598
803 643
420 79
61 363
250 420
272 78
128 264
579 249
80 160
47 488
413 111
39 498
4 604
523 639
376 283
675 446
566 206
843 289
220 449
766 733
122 185
530 535
141 294
288 283
841 795
146 835
396 504
208 392
249 877
91 453
881 506
222 600
723 542
245 852
641 141
560 459
591 74
358 411
19 744
84 277
819 273
712 373
364 696
460 107
640 353
146 406
94 53
120 442
781 187
857 378
397 178
264 751
305 230
204 838
480 268
190 252
391 293
163 676
311 519
704 86
426 453
100 518
251 111
771 808
876 118
841 44
489 839
309 57
663 810
760 657
237 807
239 370
425 421
851 683
267 272
488 451
623 151
776 618
546 333
859 357
290 399
862 153
422 656
573 239
300 561
213 17
770 631
703 84
356 670
757 886
264 415
263 772
342 775
436 328
793 552
132 500
131 516
408 191
336 881
284 132
583 800
12 846
579 50
308 68
664 682
833 22
246 664
851 806
104 812
674 766
288 429
109 112
368 251
685 189
484 660
656 530
34 862
294 456
206 644
527 572
518 652
406 865
9 217
462 605
1 780
842 586
40 737
851 69
423 293
362 26
180 5
844 681
240 626
232 546
727 138
876 90
66 354
473 215
209 362
564 404
680 734
864 133
612 611
40 43
177 15
215 126
183 17
218 74
63 751
841 516
259 251
733 361
641 439
324 270
235 278
290 599
792 397
297 292
460 720
749 139
34 592
441 594
886 812
601 359
624 128
626 723
382 293
156 357
178 822
837 874
507 590
696 94
661 33
655 260
597 79
298 800
809 121
557 748
524 724
580 70
261 245
143 795
718 138
155 527
638 566
606 305
145 643
554 737
684 125
462 375
668 374
652 851
597 574
53 881
598 535
785 733
481 179
192 266
18 858
55 819
407 81
27 632
411 815
37 527
176 103
778 669
71 469
61 794
129 848
719 409
678 632
113 365
25 873
779 621
636 466
790 111
332 403
822 225
435 353
312 362
595 114
526 403
745 637
456 67
886 776
871 765
695 563
185 707
868 69
360 820
202 353
670 827
270 575
859 443
410 40
509 676
634 405
393 622
298 484
36 193
54 538
1 398
795 650
152 877
446 749
529 699
40 697
536 659
315 526
561 295
689 874
515 306
98 399
533 826
847 291
194 818
139 119
21 562
170 47
160 288
730 682
494 107
884 439
765 559
528 190
838 513
526 723
97 198
704 42
725 614
29 47
800 509
825 48
164 124
663 561
23 726
18 338
356 763
162 653
34 435
825 274
610 181
756 830
79 353
192 657
35 432
6 755
198 362
238 539
578 854
174 771
57 784
886 589
815 451
358 597
721 410
650 512
870 538
359 596
642 371
826 378
883 272
670 247
850 644
512 5
402 350
795 221
837 720
33 151
325 870
785 829
737 452
83 131
110 680
746 519
780 186
288 615
491 547
615 811
744 859
393 70
570 699
386 882
208 382
211 462
855 867
748 351
149 327
261 871
514 82
185 19
360 572
270 404
880 248
515 420
826 268
221 464
295 873
187 73
674 287
290 705
116 425
707 861
230 588
866 92
387 77
144 737
753 427
730 824
145 871
207 575
634 450
689 98
702 269
635 417
672 405
637 707
47 388
162 283
278 184
869 518
255 876
53 457
721 761
832 388
460 509
652 229
513 149
310 376
403 615
669 490
869 301
856 580
231 275
413 172
273 876
478 717
852 346
193 803
839 865
380 477
367 351
104 50
656 468
795 730
7 570
49 362
571 806
246 144
75 151
293 362
73 322
354 590
358 425
857 651
269 781
473 356
733 211
364 397
535 22
95 741
423 761
553 380
350 29
53 588
511 479
477 219
768 280
38 533
755 37
684 722
118 582
344 277
454 499
420 618
848 869
101 870
697 303
87 169
133 630
497 32
227 350
546 352
801 531
52 38
328 188
151 89
504 477
855 95
87 705
481 645
463 541
690 188
35 826
647 783
279 785
619 552
658 561
513 794
771 210
590 442
339 180
640 252
575 380
274 35
667 444
779 227
384 228
60 487
388 865
265 653
655 408
702 823
358 886
514 655
380 282
878 9
238 375
792 372
683 560
191 338
672 628
879 490
439 597
796 443
720 124
470 512
91 631
187 238
72 62
754 412
97 615
133 609
575 670
360 643
478 183
562 881
704 224
507 709
627 74
540 792
429 770
710 157
394 650
73 355
477 22
81 483
248 653
377 367
75 208
100 613
672 531
602 182
527 800
447 576
160 567
53 367
881 422
22 795
737 810
511 131
600 595
158 352
861 137
221 106
245 356
193 713
432 271
768 798
191 329
859 537
454 446
292 429
446 639
507 797
659 322
179 399
770 114
536 806
131 193
80 759
65 786
606 761
477 859
441 425
224 23
333 545
89 760
545 455
5 197
853 60
33 132
859 272
737 6
242 873
648 508
869 663
584 537
828 197
290 467
770 508
681 116
730 805
583 133
163 326
161 656
613 739
461 575
85 709
620 336
675 368
256 55
708 477
153 126
750 237
109 27
619 364
710 240
471 837
645 144
831 238
194 109
30 267
549 143
143 850
262 101
213 666
643 845
278 293
746 846
377 110
765 600
269 553
115 734
403 373
867 335
885 884
391 399
526 773
784 873
252 764
555 765
574 128
850 377
445 809
875 284
9 499
582 676
859 33
36 307
168 395
32 80
272 20
623 484
881 205
223 768
544 507
261 79
852 809
390 24
839 221
531 340
661 115
576 480
282 375
711 344
518 760
290 358
366 453
10 620
603 743
162 483
517 449
766 180
92 637
353 143
41 653
578 605
138 170
88 774
442 446
25 756
602 307
589 886
462 795
40 739
693 808
291 28
563 744
567 176
205 154
297 329
729 769
513 807
481 738
411 724
871 879
870 148
419 414
475 557
594 16
762 369
582 172
287 64
455 116
14 141
651 370
851 737
619 684
28 550
469 724
733 210
698 372
183 305
424 502
814 216
441 508
237 584
445 497
710 295
103 591
695 758
111 661
722 688
713 632
879 656
330 745
827 61
757 654
556 559
867 409
599 529
174 452
254 428
413 587
474 388
665 226
80 685
562 170
636 565
785 6
626 770
131 449
211 162
603 683
582 781
273 399
629 759
692 706
200 213
511 460
405 447
706 1
341 620
821 306
440 275
331 81
811 772
632 295
339 292
512 423
399 253
510 287
722 865
757 262
318 594
144 587
145 828
647 696
116 670
390 533
45 283
122 8
764 292
820 329
661 49
667 470
880 142
89 191
757 414
724 841
142 745
574 97
634 385
357 742
784 381
567 2
71 25
71 612
809 267
421 629
80 47
490 40
181 372
367 89
598 383
528 631
362 571
284 805
690 352
250 302
548 595
532 501
720 296
273 91
99 258
575 861
818 194
877 346
202 210
463 777
597 614
11 847
773 426
333 483
886 91
381 138
425 24
690 746
334 674
75 543
334 312
725 707
500 669
219 584
555 12
173 23
46 479
193 124
429 318
116 579
707 32
48 739
300 261
806 685
518 504
719 850
431 140
677 681
666 599
398 835
820 103
737 714
26 2
353 884
66 678
509 9
701 277
242 81
709 128
322 847
624 211
388 647
543 580
181 328
597 380
253 609
390 592
28 184
194 336
72 66
491 837
293 753
829 458
522 562
64 305
216 450
194 414
202 246
55 696
225 226
335 728
424 841
80 451
238 124
595 134
122 541
451 587
217 775
552 776
260 351
24 27
696 525
261 744
191 38
216 231
579 30
769 852
43 587
637 449
359 870
179 187
129 325
2 566
562 149
504 768
640 737
161 885
79 370
382 261
572 717
367 435
814 390
353 94
394 414
766 111
79 33
85 287
678 218
369 207
65 246
673 844
647 273
222 316
520 744
460 830
850 34
123 211
638 93
197 78
682 385
598 734
236 635
421 332
232 574
655 605
806 539
63 587
617 224
839 428
186 703
121 559
793 848
405 410
833 441
503 253
755 738
500 466
83 362
709 738
155 283
325 233
592 223
672 199
182 70
505 286
413 381
421 568
160 196
415 30
309 498
555 77
350 428
833 291
853 244
376 156
621 633
159 5
257 594
9 200
467 772
165 501
663 460
46 619
831 346
779 288
466 221
322 291
14 149
788 722
829 429
120 168
248 151
87 280
590 433
674 852
14 237
97 828
761 738
658 320
159 875
193 626
798 636
785 150
200 71
646 666
353 449
298 450
569 607
240 125
137 816
815 541
820 133
490 182
201 870
681 743
495 652
612 746
561 393
725 256
467 624
161 753
236 280
95 24
422 248
885 496
529 319
569 27
93 67
441 213
502 867
143 596
499 389
815 395
215 321
715 370
402 811
721 580
151 787
227 409
48 170
407 657
218 3
628 672
628 29
84 357
436 688
718 10
80 334
478 665
305 818
367 757
10 274
290 687
664 858
719 129
886 612
408 291
549 450
57 874
149 537
354 316
727 182
106 83
860 42
64 611
570 667
458 209
810 138
441 818
594 434
779 668
818 689
468 605
825 148
365 51
847 526
354 795
227 174
177 742
826 566
637 642
781 29
242 650
683 711
12 775
259 562
634 266
820 241
605 720
248 635
524 492
321 142
68 816
587 250
511 34
