1000 9904
440 422
294 257
466 646
855 224
677 704
518 496
3 977
265 110
215 758
878 50
181 770
42 88
657 557
160 3
787 94
271 305
19 200
665 894
399 914
208 767
321 48
146 722
70 661
1 946
353 391
705 938
613 737
655 291
467 395
85 56
485 894
790 621
520 805
98 181
99 244
504 900
2 399
832 855
944 780
198 11
805 49
580 887
317 887
308 878
956 18
61 370
524 878
118 845
784 899
281 832
239 555
903 394
540 448
267 364
950 689
657 292
655 850
44 346
176 802
908 499
603 973
231 772
515 275
997 733
825 548
871 990
462 161
154 968
798 273
376 856
965 256
823 998
832 603
931 257
570 67
348 437
500 616
355 972
949 173
294 466
647 474
315 917
925 212
512 103
531 709
181 68
740 245
261 60
742 943
765 262
690 36
695 639
534 955
686 870
251 113
660 811
237 62
169 806
688 582
561 712
530 281
877 110
199 134
184 165
972 134
833 200
563 483
1000 327
319 569
782 131
251 351
851 302
386 58
950 885
644 160
481 726
7 426
28 157
360 693
696 175
961 221
190 697
84 164
697 587
41 175
188 74
246 240
448 167
66 618
286 843
348 640
476 333
848 696
21 829
671 572
88 381
328 428
577 967
390 564
546 822
512 842
286 613
433 23
822 555
400 984
20 593
148 526
773 901
116 442
340 706
857 600
940 992
127 794
850 243
776 658
385 195
875 733
234 239
915 706
298 256
519 444
241 646
806 808
774 266
885 573
797 683
360 424
342 264
493 372
681 838
902 110
279 997
345 389
785 928
846 827
775 261
570 185
733 667
707 480
375 150
604 616
497 970
612 419
4 178
325 766
52 90
455 111
664 348
479 336
761 728
189 351
852 513
209 513
749 135
87 608
429 955
828 551
501 334
511 805
592 349
49 607
479 283
706 461
138 426
639 569
714 960
201 659
311 626
437 819
683 967
443 698
528 516
692 831
325 818
883 888
761 276
545 555
982 576
771 57
829 211
387 288
689 608
376 357
43 339
912 129
658 925
823 501
75 629
918 427
991 547
559 145
335 15
418 713
496 925
659 918
126 19
552 454
296 644
280 777
126 98
151 150
775 933
234 195
896 322
497 563
777 705
975 738
637 479
948 437
384 5
591 306
902 443
211 574
285 475
752 902
220 688
333 495
464 98
122 642
945 757
530 669
267 961
198 823
842 887
116 624
357 330
615 491
189 385
787 468
644 459
55 772
42 101
950 319
583 710
251 57
344 325
922 930
683 244
32 558
192 649
446 274
764 505
468 814
51 382
941 637
34 624
80 478
66 769
356 949
866 312
597 184
445 443
654 49
359 277
52 707
156 304
118 68
710 376
892 635
175 510
244 922
960 475
581 485
50 111
767 462
348 840
629 489
795 395
853 689
361 723
678 452
495 632
704 79
943 992
196 315
123 781
879 998
129 358
774 662
595 407
614 337
979 52
525 448
215 510
33 795
715 990
844 130
495 862
25 38
802 950
710 855
803 115
788 645
356 351
300 47
413 840
569 530
162 456
419 459
975 710
832 624
708 451
924 747
946 202
52 478
324 347
953 141
826 133
699 881
994 867
726 426
233 775
363 848
470 212
384 783
646 43
617 169
47 586
728 746
49 999
623 135
879 233
845 393
96 648
425 454
338 933
707 440
12 910
786 825
686 967
624 395
98 309
959 790
86 134
235 568
472 790
612 202
703 285
601 895
101 418
565 220
307 196
809 778
224 25
927 124
554 222
80 585
282 829
231 498
468 32
701 14
623 997
740 628
247 580
434 35
130 488
672 363
445 240
179 845
239 709
97 212
454 781
454 320
383 378
939 980
514 851
20 557
115 873
465 298
813 96
371 128
154 934
124 600
716 820
556 333
582 20
101 376
357 206
488 883
784 320
772 885
239 238
136 489
180 760
42 761
738 778
200 97
209 88
410 785
450 322
327 520
238 413
538 533
315 916
357 305
952 367
134 480
755 354
264 785
361 833
888 128
540 701
388 178
545 81
817 724
877 988
513 755
787 12
762 620
42 204
152 900
943 262
798 543
655 434
215 187
970 416
986 589
477 656
204 872
715 57
800 111
175 89
359 716
674 648
729 95
662 581
847 587
95 214
614 834
840 795
936 708
765 826
515 805
676 708
630 248
828 978
860 361
563 49
840 874
396 184
731 871
117 495
455 607
993 348
350 307
867 359
841 256
862 430
40 481
41 840
487 479
589 883
241 973
737 960
905 864
71 685
55 40
849 211
90 653
328 660
605 122
681 538
772 973
466 888
604 438
841 860
45 462
135 438
840 4
162 496
194 897
841 425
765 86
694 82
841 702
239 82
390 147
11 330
341 975
566 24
904 716
773 466
833 623
904 537
125 985
109 308
399 16
521 282
427 299
873 783
368 705
630 745
388 150
670 260
319 894
235 627
726 490
939 293
229 770
294 614
963 683
782 237
658 327
181 746
743 872
583 771
706 638
820 789
491 299
274 463
326 818
914 255
336 243
528 517
305 700
18 859
476 419
974 678
921 602
424 30
575 589
943 794
544 255
925 910
896 872
52 526
199 681
974 721
296 984
614 584
761 132
562 495
637 809
697 832
586 72
76 942
334 338
448 977
712 702
180 892
901 828
903 354
497 673
884 11
991 849
38 891
213 655
393 638
675 496
588 7
751 485
367 492
333 140
996 476
10 241
729 915
16 546
592 577
506 318
205 82
152 98
941 350
979 599
64 380
769 405
807 373
3 845
613 166
315 623
449 721
980 875
531 655
159 566
627 502
4 757
556 970
134 368
12 788
327 353
717 217
591 704
126 2
778 431
267 686
273 685
593 484
651 516
856 562
235 607
986 189
271 223
887 79
744 999
808 678
38 73
386 742
4 73
374 209
568 452
640 761
74 309
511 984
647 886
304 818
838 307
30 780
400 357
40 780
790 815
832 376
979 507
890 34
672 465
891 711
507 734
641 285
308 997
239 819
573 47
114 788
922 793
796 882
931 717
606 73
257 910
168 255
421 659
739 360
207 134
1000 748
37 744
324 18
692 562
876 311
591 17
640 691
862 358
311 228
573 241
391 332
84 802
999 305
695 855
352 106
7 380
83 234
746 854
242 569
776 683
816 360
980 459
729 717
145 908
756 50
735 225
105 840
262 229
140 641
471 177
54 91
491 671
276 65
116 768
857 8
116 951
392 557
409 593
871 513
414 39
270 530
203 541
670 19
910 546
911 271
863 518
955 603
457 44
264 886
670 162
817 606
862 929
986 127
933 596
299 300
962 228
601 604
708 896
893 412
53 213
661 534
213 178
919 758
796 355
834 42
411 775
142 917
826 710
994 676
463 603
505 166
22 622
829 342
706 387
27 95
714 950
326 432
454 133
307 408
39 533
149 256
744 737
202 245
76 401
88 244
896 929
193 354
594 706
900 261
44 679
853 291
32 523
235 20
956 44
748 462
823 316
199 518
790 175
6 638
314 279
407 725
68 451
287 99
571 316
24 681
934 845
103 251
875 866
894 194
107 764
392 243
36 304
21 196
598 389
82 50
283 841
681 590
516 179
336 681
745 259
48 125
803 511
534 381
522 349
741 343
244 337
600 681
361 155
711 739
38 747
111 35
115 420
189 885
210 432
17 812
414 830
664 53
920 95
439 665
885 889
916 381
836 275
565 891
327 664
73 841
260 343
670 158
449 266
13 649
765 260
277 754
769 767
420 669
871 340
960 954
962 200
821 131
643 703
937 414
403 278
77 659
601 809
713 923
355 158
692 7
30 938
87 719
970 417
346 583
866 270
978 852
908 623
601 203
340 153
94 136
995 991
136 360
1 702
74 476
537 796
494 785
23 5
351 904
465 841
154 104
726 716
567 712
161 772
165 709
991 713
25 338
146 836
980 190
965 942
344 920
771 253
63 671
376 41
226 611
20 706
64 646
945 3
233 241
785 602
373 298
326 634
699 508
976 679
793 119
651 369
196 18
737 274
297 913
444 832
76 591
345 85
730 764
12 531
217 551
827 382
538 711
99 519
778 86
154 716
410 882
584 409
475 792
781 723
727 14
198 856
788 242
613 99
760 553
252 477
199 326
570 822
511 624
479 214
907 629
912 793
754 138
437 750
973 492
868 134
887 106
255 716
152 993
299 530
294 490
973 312
777 288
669 757
283 38
467 325
217 302
273 12
331 274
369 603
692 65
370 923
851 128
65 275
50 73
615 107
913 973
970 54
37 349
785 139
630 212
398 678
760 461
300 912
269 651
73 26
966 723
935 878
348 900
810 881
723 176
797 841
567 867
144 315
401 115
71 656
864 490
884 997
775 790
125 406
859 673
343 368
788 739
477 458
996 590
15 978
515 506
628 17
828 595
595 840
172 15
360 375
826 124
660 428
392 562
263 369
530 776
54 158
912 513
543 334
826 890
664 109
958 883
25 565
392 272
161 53
364 596
401 486
509 541
539 792
366 878
411 653
639 923
693 31
569 33
364 747
276 593
316 518
133 72
852 688
617 493
450 988
911 121
324 805
346 797
311 797
293 306
5 398
282 517
448 293
212 710
485 758
437 627
564 749
242 493
226 998
122 183
284 202
970 505
510 484
305 590
195 846
959 620
353 346
155 204
766 982
697 897
311 449
683 690
870 750
781 225
531 365
443 934
600 872
302 111
896 740
35 272
364 476
75 531
317 562
709 464
379 917
771 708
681 695
793 781
923 414
743 49
965 247
92 101
97 281
56 236
818 475
158 776
979 553
992 42
850 72
889 918
606 153
871 802
124 677
324 423
162 454
298 878
901 561
684 455
723 283
441 246
284 580
954 956
3 936
712 241
996 215
890 846
427 84
593 37
521 448
425 443
354 627
191 132
432 573
566 368
196 613
475 753
422 472
705 540
825 171
440 135
751 95
144 763
436 371
554 442
973 436
485 746
252 747
571 917
939 509
977 578
212 329
341 427
951 600
751 624
934 176
574 155
922 600
264 258
891 885
517 377
496 528
562 338
900 262
994 233
80 873
780 364
487 36
182 562
323 157
152 982
831 899
709 291
582 51
712 544
456 343
113 431
954 429
19 980
305 135
988 156
633 347
854 829
544 686
893 793
327 855
823 114
901 900
759 880
832 559
394 70
492 805
589 401
78 174
171 376
889 547
871 983
604 242
399 280
630 717
366 229
428 504
466 583
855 419
930 86
592 665
85 564
622 261
345 479
842 909
424 764
609 910
648 618
333 262
744 243
342 60
53 135
95 796
955 727
557 631
134 456
462 965
213 449
432 680
904 210
133 128
815 484
742 652
981 972
564 164
415 810
973 600
354 232
942 985
821 932
74 763
865 732
810 183
958 327
840 910
383 196
900 452
169 86
373 990
744 734
434 422
472 385
326 44
368 242
272 431
490 301
736 589
53 797
516 155
828 149
459 538
481 38
453 72
292 74
847 280
575 777
814 211
83 71
690 101
254 174
876 376
572 1
940 733
429 96
965 62
921 883
469 475
835 467
139 215
540 899
737 160
846 322
404 209
979 863
284 895
728 605
233 129
487 524
224 930
189 950
980 572
423 322
151 857
522 382
929 336
141 880
275 322
799 861
367 168
738 705
906 96
11 332
252 248
694 963
860 511
642 550
591 633
258 831
190 290
636 342
51 728
364 625
163 742
264 783
727 335
854 372
826 413
954 598
527 391
952 107
542 320
781 568
284 112
527 52
485 721
308 382
661 45
807 868
494 609
954 25
62 165
635 101
104 507
592 492
252 531
435 117
68 680
169 33
973 673
83 551
247 1000
857 76
399 319
643 457
830 825
699 781
196 925
718 27
746 280
532 675
821 154
373 35
249 109
257 928
60 19
727 933
804 434
273 446
735 666
395 879
162 622
128 546
300 800
706 831
943 958
236 594
555 794
901 826
183 349
81 919
495 488
138 342
727 632
968 409
897 290
680 301
438 45
906 851
492 990
736 4
975 751
561 111
690 589
450 486
196 134
197 619
932 530
178 20
851 418
674 441
271 869
730 832
512 435
197 653
381 480
842 882
510 732
239 653
82 575
891 447
623 108
73 768
661 399
901 400
156 329
712 425
725 685
172 739
212 592
622 267
730 21
222 361
981 900
433 694
450 844
623 435
844 444
799 904
268 704
75 214
193 596
490 579
511 939
666 590
424 913
473 544
671 730
847 690
114 786
27 905
690 203
953 907
655 875
499 721
10 716
779 627
648 982
130 37
538 166
426 924
512 821
13 344
583 579
456 395
611 565
182 705
250 213
193 892
487 374
77 502
97 280
444 555
181 424
954 232
175 605
439 864
333 221
693 525
570 312
457 513
645 818
177 642
876 772
771 752
427 966
671 363
949 853
73 962
275 378
39 237
8 543
426 242
232 61
425 442
234 33
375 170
582 860
821 60
218 227
717 251
539 743
982 225
472 874
717 844
848 5
316 555
905 66
895 745
963 724
269 475
34 544
40 573
80 302
389 834
230 880
691 766
708 672
527 108
730 152
70 649
454 872
437 598
496 62
910 462
777 489
530 211
144 922
255 276
999 280
437 967
326 449
662 559
701 93
395 632
736 674
969 163
667 52
878 359
781 4
969 316
917 580
245 465
980 164
991 204
589 844
18 579
865 236
258 498
136 906
547 424
819 655
508 532
714 475
934 716
59 2
262 421
923 637
637 561
965 234
898 181
883 369
591 32
576 263
975 385
98 198
871 240
249 609
410 988
970 515
189 913
794 373
903 53
639 944
305 352
489 451
417 353
243 236
841 647
642 976
590 10
541 291
711 786
342 339
15 299
200 360
552 989
972 766
703 583
879 316
161 3
261 432
879 153
402 879
475 687
78 926
704 935
178 710
808 59
955 260
40 763
590 343
756 635
333 662
81 325
834 925
211 593
764 94
934 352
846 620
75 145
463 648
464 730
707 294
489 825
994 326
721 390
740 422
528 894
378 227
161 591
182 979
402 307
649 242
784 551
325 969
326 402
347 853
773 849
353 272
355 382
400 175
809 5
972 503
10 930
796 773
835 825
605 566
730 83
497 935
535 424
903 708
687 221
211 140
175 297
872 322
565 659
426 965
23 229
425 558
182 398
579 215
776 519
797 867
580 629
965 61
378 633
287 65
110 732
845 599
917 314
315 408
659 633
261 567
483 891
135 34
46 651
487 527
71 972
559 971
263 254
24 790
822 107
646 837
522 383
831 459
320 955
671 283
582 619
823 887
189 663
501 869
90 204
586 713
590 145
354 585
127 121
394 300
260 309
246 586
137 6
200 610
111 404
955 754
530 486
217 993
894 997
551 60
585 958
717 788
628 543
322 780
392 35
282 24
308 383
193 579
856 375
375 289
970 451
274 458
796 975
221 716
187 580
223 458
870 763
62 388
287 481
640 918
573 8
758 12
279 157
869 877
448 135
875 224
785 248
752 117
382 816
130 431
793 533
593 859
960 98
652 360
958 220
735 645
810 748
662 928
790 85
373 501
603 920
989 139
811 695
850 211
462 53
615 896
234 188
434 554
292 988
336 740
143 112
543 133
945 958
137 614
300 470
609 378
299 150
798 851
321 483
543 328
747 677
52 373
270 420
197 652
695 413
147 155
848 508
850 678
318 400
357 374
748 519
497 115
795 692
623 220
683 91
959 254
433 804
759 426
29 278
18 9
458 320
282 946
264 153
375 261
290 853
365 495
122 36
496 165
416 675
508 424
678 143
926 754
852 886
104 325
199 761
292 429
575 610
300 592
447 771
619 818
552 249
827 929
574 430
740 946
136 512
504 186
235 186
309 863
736 485
130 34
631 568
173 852
374 515
64 520
966 455
14 976
366 659
427 637
25 871
984 610
89 770
664 608
992 189
132 990
131 549
903 323
15 899
201 297
573 577
570 270
945 986
548 257
253 5
93 764
21 399
79 441
545 269
755 108
422 621
777 626
410 733
238 389
169 642
629 764
479 997
356 112
954 813
635 992
564 428
379 174
416 148
648 991
484 867
69 923
15 616
566 481
291 94
367 566
705 643
1 796
485 647
821 221
882 797
477 535
209 589
126 806
146 182
957 158
668 215
176 155
529 383
13 806
431 43
751 626
57 610
867 145
139 656
88 72
251 404
715 37
787 944
383 179
484 231
634 223
400 185
657 108
343 769
28 722
865 257
248 509
121 113
286 739
97 769
594 592
144 103
988 376
145 690
353 951
705 410
444 490
698 965
456 424
366 687
130 185
519 689
478 729
363 218
653 299
585 904
822 354
898 178
167 539
594 773
818 509
983 917
505 974
114 129
492 912
314 44
902 357
542 908
444 703
12 411
90 983
493 506
575 614
627 59
86 651
675 186
411 66
475 896
242 909
100 307
64 889
560 448
138 163
176 498
531 712
968 878
143 150
328 525
648 620
151 683
812 295
891 358
394 408
808 850
881 268
901 471
649 390
315 886
979 307
618 613
927 647
142 965
713 783
74 519
130 789
118 452
9 944
462 890
102 540
551 488
421 131
246 573
269 335
149 692
753 52
204 868
540 974
777 260
942 590
283 95
550 51
700 644
536 605
94 668
853 482
202 20
386 975
943 209
330 176
205 772
729 334
378 676
771 81
156 359
957 358
121 254
456 373
41 989
763 680
214 796
548 20
110 733
470 741
966 670
498 863
515 370
573 536
279 685
671 127
124 632
784 273
471 133
919 714
755 774
509 300
210 369
618 114
231 517
270 687
546 104
354 868
444 818
798 129
285 498
384 607
652 89
536 432
534 655
992 306
669 364
262 962
48 378
357 448
124 461
758 929
204 373
780 666
234 684
589 102
592 790
220 975
371 589
122 589
947 532
964 478
273 709
660 951
369 28
246 762
446 488
325 761
458 474
791 524
373 749
544 311
66 135
433 648
164 520
844 32
43 765
463 540
212 284
319 600
782 96
477 521
821 902
127 387
754 363
593 559
447 700
423 750
317 103
763 791
657 1000
883 974
899 853
921 685
260 793
612 76
395 562
558 933
69 312
287 369
992 965
666 266
204 765
944 600
9 794
516 264
244 161
960 146
84 778
12 31
287 151
606 883
921 233
137 826
173 838
317 668
600 296
16 233
969 213
784 650
871 170
729 757
14 791
968 254
426 619
651 158
525 697
715 791
522 385
975 745
617 773
85 53
381 156
309 431
426 397
870 320
817 340
695 367
441 72
132 462
927 569
894 548
350 518
578 317
794 878
209 326
614 948
509 922
12 999
752 744
826 447
845 369
976 480
514 964
532 269
695 723
901 176
973 641
99 480
48 930
195 533
294 987
990 918
563 478
782 124
948 364
566 727
186 392
909 409
772 193
408 884
830 987
120 574
942 753
999 960
364 313
348 726
752 194
23 78
27 907
467 64
88 139
162 942
365 673
792 989
111 43
62 643
943 894
162 513
291 255
268 149
22 492
617 566
625 855
129 490
349 335
353 884
156 748
2 779
495 202
941 412
504 375
247 226
973 114
860 236
607 865
751 251
802 149
641 17
538 651
359 466
371 886
579 317
708 95
17 836
180 656
767 764
224 596
388 933
110 64
367 851
425 440
8 656
445 98
498 565
159 679
199 267
471 614
40 656
772 353
459 166
13 390
942 849
670 320
732 546
431 468
164 753
648 830
481 595
652 798
193 71
411 904
88 811
344 469
184 382
93 248
351 242
282 919
264 182
981 712
921 756
229 851
91 827
568 339
364 142
554 874
791 907
524 518
501 685
315 369
72 733
917 977
4 478
878 64
746 517
766 576
602 993
473 691
827 972
461 582
776 414
932 1
164 107
130 7
741 927
207 23
266 967
649 358
603 850
505 755
568 911
733 43
440 814
849 566
79 201
967 154
505 604
827 152
418 893
220 49
188 599
281 179
673 753
84 544
693 766
286 188
876 580
183 300
920 278
314 45
333 255
704 509
44 118
651 166
745 586
489 449
197 912
58 54
223 656
25 807
903 68
823 348
873 939
505 815
589 287
534 736
152 94
512 159
229 144
655 596
858 320
531 941
396 214
828 438
321 426
229 225
625 656
859 86
74 802
327 660
829 946
705 588
172 903
670 130
838 800
695 629
899 700
419 806
575 3
812 695
891 214
838 947
75 293
402 15
612 4
503 149
877 104
34 578
532 453
574 88
976 327
777 442
887 51
209 680
503 266
588 108
717 592
496 92
540 975
501 229
485 924
886 248
905 431
4 291
478 382
615 619
635 297
249 86
841 442
145 371
628 982
420 51
701 926
848 702
776 299
585 957
468 295
879 839
571 638
457 50
844 392
633 937
428 988
152 615
178 332
932 37
515 87
798 801
966 268
183 18
809 455
831 646
614 274
64 666
619 424
177 413
324 196
550 990
847 168
138 256
623 497
841 839
146 887
412 910
555 721
538 801
371 16
907 92
842 635
703 551
211 552
285 497
198 946
15 664
146 537
720 446
632 282
464 124
814 620
391 741
656 634
988 679
293 599
42 361
958 859
320 859
835 44
449 377
121 900
949 60
485 508
518 434
207 855
526 985
873 899
73 688
934 386
352 842
706 309
963 686
270 10
843 964
695 895
404 40
598 110
446 715
692 231
35 828
677 373
164 408
347 770
747 605
387 251
740 299
28 255
66 934
984 133
58 886
739 405
904 958
250 170
178 191
36 801
574 289
141 154
52 523
74 79
187 292
484 155
407 827
891 540
340 270
434 887
291 194
810 746
597 738
326 952
37 443
75 444
560 536
979 30
762 402
283 535
417 537
426 729
707 616
604 480
822 299
159 392
805 567
693 566
984 934
859 722
876 652
680 447
21 105
684 479
777 715
996 473
281 276
154 522
581 865
984 853
825 727
309 430
347 23
160 562
91 106
702 542
605 199
869 55
545 321
926 70
485 318
281 538
622 337
346 84
249 32
1000 201
85 489
717 212
975 812
707 450
838 872
398 441
57 249
338 966
681 284
895 766
731 329
159 992
933 925
610 634
203 176
367 653
830 111
777 97
635 149
891 15
602 470
511 886
39 671
830 254
318 252
484 574
621 43
752 294
628 577
5 684
27 108
9 681
529 290
213 841
985 224
71 159
199 874
112 84
592 462
773 663
443 732
101 936
29 61
502 313
586 292
217 447
770 959
638 848
757 829
973 976
813 635
247 751
179 887
254 281
737 801
974 566
559 472
467 48
875 95
73 169
700 2
187 433
79 71
748 374
162 625
823 324
828 446
775 737
478 739
10 557
728 762
582 245
76 862
771 838
704 355
428 99
11 973
339 456
531 881
474 673
974 242
522 467
97 120
512 709
175 807
381 206
758 887
457 518
812 136
824 582
157 734
186 990
744 509
195 39
358 593
731 233
935 820
294 425
719 632
63 674
377 869
690 846
820 929
87 226
751 75
350 592
795 741
753 339
471 752
328 610
275 93
494 339
312 899
325 733
506 293
495 808
846 535
131 723
950 532
380 445
98 514
565 189
961 424
635 177
910 99
714 544
52 911
164 577
562 181
165 232
593 741
11 953
501 256
378 61
240 54
41 43
848 949
83 736
445 473
838 272
74 421
511 72
259 710
23 508
64 243
819 69
640 848
292 451
296 6
700 698
633 803
97 47
14 656
690 651
71 417
202 464
495 565
260 752
396 496
681 262
165 701
519 546
176 842
799 306
534 165
383 753
115 879
336 723
948 987
254 102
127 764
253 193
335 995
301 207
237 721
185 974
333 254
873 473
102 901
140 674
772 883
789 59
258 565
844 496
387 843
599 852
323 73
710 599
879 452
718 66
665 374
993 896
133 712
543 381
984 238
177 344
721 63
354 672
875 641
693 177
623 48
356 229
419 809
5 32
548 842
575 403
959 816
302 525
566 626
860 859
57 930
124 257
762 729
688 716
339 520
88 776
341 474
344 434
986 993
91 655
682 486
919 503
939 477
463 939
778 981
766 816
434 159
74 374
303 899
824 604
622 679
182 752
678 213
497 945
592 406
253 677
183 734
844 564
974 767
739 342
615 763
527 513
589 924
843 500
22 311
791 140
528 613
478 409
616 826
106 872
952 928
568 573
435 582
240 542
115 986
542 701
945 181
158 682
92 442
719 79
187 86
926 687
512 623
197 849
612 816
386 416
569 995
998 156
447 366
146 903
279 502
579 359
16 587
916 86
534 653
613 140
105 381
405 538
276 868
782 777
998 585
33 121
774 916
381 585
590 263
904 404
336 214
44 625
143 101
181 978
840 715
419 965
332 98
248 925
801 237
288 24
18 145
467 564
551 825
87 633
15 204
952 222
131 451
481 666
645 989
213 195
743 332
74 283
290 844
420 995
973 713
982 377
216 72
969 526
967 495
808 396
437 468
615 569
670 714
430 431
801 553
641 828
549 923
2 334
97 820
494 822
598 618
810 123
302 229
179 794
648 307
616 647
780 304
620 183
303 645
202 488
186 625
193 763
162 618
145 632
225 202
407 536
106 223
694 500
987 634
991 974
564 992
447 684
490 193
36 373
476 961
367 389
943 877
131 603
447 317
304 5
606 546
917 61
168 724
449 905
950 63
534 318
901 617
816 63
85 662
216 859
54 147
314 452
333 488
225 743
233 812
968 857
82 187
600 900
698 273
864 521
61 623
41 632
389 72
946 823
782 433
363 651
604 587
316 515
463 655
707 338
490 794
496 135
260 74
706 6
908 718
691 742
484 680
341 33
344 507
228 603
818 735
14 488
970 482
40 867
446 631
529 289
827 708
274 700
847 521
313 802
62 423
502 318
322 592
490 734
400 234
520 746
173 759
255 35
439 440
540 325
549 752
827 787
224 204
945 99
687 263
104 413
54 640
550 517
983 943
520 632
373 470
374 945
16 215
370 636
760 204
153 482
651 303
853 845
638 173
31 1
551 718
291 369
883 262
461 996
599 706
162 451
131 270
768 120
280 10
449 917
926 385
893 82
548 403
254 948
21 509
370 177
78 198
905 347
936 607
216 823
547 861
307 736
272 813
739 677
405 527
906 36
998 390
747 642
108 908
204 447
406 839
595 566
355 829
781 777
779 253
655 784
986 121
25 645
212 513
838 853
803 914
364 708
826 593
384 548
756 914
649 504
778 732
234 900
619 517
722 881
544 369
528 790
143 730
434 361
622 942
903 937
660 574
313 717
578 195
227 307
669 696
565 684
36 747
518 967
117 448
482 146
452 635
640 849
100 709
574 510
849 150
634 77
706 558
157 986
193 385
188 430
857 682
452 650
842 62
400 101
678 392
538 279
828 685
763 528
68 442
163 454
75 562
645 738
741 925
499 350
226 442
121 336
126 195
476 54
421 915
577 581
407 576
600 482
505 610
36 318
438 126
922 315
290 346
638 201
215 264
626 689
58 69
214 576
567 68
147 393
275 700
827 507
940 58
957 884
581 824
486 436
882 489
111 41
93 590
542 173
600 862
820 535
893 231
751 249
459 393
522 185
445 598
247 302
416 324
289 202
36 799
648 623
617 142
602 250
934 277
113 927
80 224
155 734
446 499
267 748
640 322
42 36
152 540
412 86
730 201
35 949
414 764
274 83
43 658
80 115
284 152
715 228
933 805
75 584
213 159
916 836
855 689
833 526
790 496
826 937
829 86
316 15
356 792
819 416
625 465
662 702
957 498
653 25
527 512
235 246
788 768
280 535
23 225
476 183
822 552
384 501
779 732
192 338
638 267
125 332
515 230
771 880
406 174
704 317
957 581
230 602
174 337
567 970
292 932
3 555
480 332
907 193
31 473
132 800
903 21
669 81
988 899
898 439
771 703
556 191
333 114
206 960
579 358
29 857
162 122
310 802
298 874
854 687
331 877
446 141
873 871
466 695
105 269
329 897
492 443
733 659
705 659
683 482
423 167
501 643
303 509
454 635
130 837
682 790
981 821
8 313
294 379
87 395
270 153
934 384
95 908
460 319
647 613
281 916
321 71
618 983
86 193
489 793
222 257
294 946
579 960
708 740
801 462
624 759
861 437
145 162
787 783
658 767
270 905
965 584
105 986
839 35
528 831
938 24
779 828
136 266
818 794
709 6
572 96
397 157
182 733
273 151
260 939
74 77
448 260
463 281
313 528
505 335
838 123
236 681
917 632
370 887
44 500
376 476
448 953
140 39
989 22
936 158
427 533
706 824
528 56
547 356
694 501
367 279
993 204
650 615
82 101
637 757
413 971
246 491
392 730
101 296
48 172
853 793
710 754
859 724
127 516
510 404
738 747
775 50
305 428
470 998
698 77
147 449
132 683
25 797
617 923
279 912
440 292
632 312
962 505
67 7
200 420
418 359
651 863
836 337
753 437
492 415
845 413
958 196
704 995
542 391
122 620
30 699
124 178
143 120
146 428
598 54
385 816
631 317
959 250
502 883
322 237
913 470
166 58
901 189
330 964
961 450
138 555
875 50
126 782
745 166
398 217
825 371
682 44
276 701
209 758
601 148
910 52
40 868
60 383
705 118
468 20
910 167
911 650
815 191
863 141
873 92
726 671
974 645
369 714
746 556
377 199
623 882
75 952
168 230
46 11
891 570
749 568
608 564
912 459
406 147
27 682
732 877
948 850
862 760
610 369
978 493
874 170
291 478
64 708
897 994
778 831
989 284
597 959
439 680
390 417
582 405
272 793
453 591
419 499
521 671
667 649
462 311
569 651
531 574
772 808
366 211
246 869
290 495
955 483
831 156
610 126
727 95
626 846
916 510
55 578
259 917
593 884
449 295
17 603
18 308
661 430
426 17
618 525
879 80
470 462
623 252
517 175
80 548
762 592
523 530
228 276
824 115
678 394
56 477
575 971
682 947
905 214
29 502
178 912
881 215
240 217
41 408
952 267
632 895
124 439
79 939
420 804
666 572
903 825
783 435
94 38
956 965
403 959
558 625
762 20
212 53
395 639
329 247
482 975
467 97
734 225
336 868
709 301
433 226
127 920
510 16
879 514
558 45
157 620
783 996
702 920
203 768
638 206
626 686
310 37
793 13
361 243
732 6
519 480
297 975
340 875
605 224
243 352
150 764
669 388
817 401
877 545
604 895
452 508
543 268
584 499
881 695
704 956
788 621
433 902
655 887
200 587
221 831
664 563
42 402
618 609
475 576
385 888
902 967
910 466
531 27
548 987
199 121
751 700
644 282
496 192
647 913
467 449
85 114
303 175
394 841
454 841
865 726
395 767
373 823
815 192
448 402
729 7
583 882
440 925
26 499
514 604
938 684
596 320
412 539
397 201
790 352
22 418
207 214
344 510
178 504
235 233
358 281
420 397
404 522
480 240
377 684
563 983
783 730
205 610
16 129
555 820
280 822
45 10
358 467
288 981
376 782
374 873
305 310
751 457
348 332
3 699
775 969
559 982
33 684
112 919
244 302
844 493
52 495
34 78
20 13
793 267
703 776
601 253
870 299
39 176
670 82
599 88
877 662
712 435
717 190
20 466
424 571
960 925
542 315
982 34
459 99
702 189
868 141
445 204
697 291
91 636
293 488
776 937
333 919
249 420
450 661
415 901
74 281
791 750
818 648
503 408
431 239
199 899
331 267
762 989
688 968
835 651
397 156
936 466
365 552
384 2
678 886
79 846
743 471
871 144
587 171
127 114
593 862
249 992
467 25
787 714
572 76
905 827
175 441
987 719
766 990
182 367
241 993
240 572
295 644
997 570
135 863
619 504
508 601
827 215
59 65
426 708
780 231
49 107
638 183
590 826
862 575
793 84
950 130
736 26
812 167
414 95
881 908
789 113
209 15
689 261
67 121
964 137
858 404
307 646
769 493
897 79
313 25
877 405
193 442
246 905
945 541
233 786
553 819
774 9
617 180
835 13
29 94
896 845
105 488
488 480
536 174
151 751
543 259
122 621
91 954
311 997
39 442
226 671
732 550
394 559
749 209
74 603
863 345
276 719
128 732
65 180
230 846
359 558
655 77
71 122
18 2
899 919
886 454
575 314
323 331
925 727
172 351
169 526
278 419
668 127
565 481
723 797
628 875
934 798
830 707
739 434
614 770
246 134
853 422
785 78
127 129
143 940
23 74
879 779
239 680
874 393
191 993
857 765
550 680
143 834
174 172
91 881
749 968
964 448
802 295
616 899
874 171
784 191
508 637
224 44
483 809
779 372
874 58
608 898
789 437
846 444
629 820
371 92
906 881
429 324
513 177
932 685
861 321
111 934
612 601
295 287
929 417
766 198
185 145
819 671
650 461
816 989
414 202
523 166
717 100
13 669
911 132
380 218
812 719
701 735
928 308
268 813
488 363
471 545
695 642
130 975
521 171
997 470
109 22
222 335
591 962
509 24
139 937
584 916
930 608
881 214
717 936
791 673
60 429
709 1000
819 168
911 888
715 75
294 842
540 22
78 973
293 163
736 713
274 670
662 97
421 349
922 722
689 709
947 189
586 327
550 490
679 722
829 261
520 169
169 413
631 757
154 491
373 229
637 888
398 196
692 623
291 782
168 195
866 934
78 294
40 413
335 206
746 803
840 420
714 453
722 816
141 530
269 605
918 842
745 378
232 579
952 176
641 343
20 788
210 134
29 706
203 470
530 937
803 39
784 441
380 826
767 958
589 394
896 323
993 981
8 894
176 137
581 975
968 181
517 718
185 173
395 511
513 959
417 2
200 366
864 981
932 686
33 82
90 101
960 288
346 11
256 319
994 911
621 244
228 43
946 874
689 444
420 645
242 251
963 809
837 768
17 727
952 86
826 627
153 257
833 341
617 430
666 895
481 627
193 39
433 752
565 263
770 721
473 215
535 595
139 802
122 246
108 453
826 964
818 884
970 139
442 608
792 891
481 462
990 97
249 90
141 114
745 101
650 318
365 724
89 854
763 577
72 588
514 383
292 113
64 249
637 909
672 767
841 152
89 375
127 959
130 231
296 771
903 480
376 49
297 319
894 151
823 137
828 353
187 107
922 234
210 72
852 367
46 290
664 605
793 127
741 657
873 297
199 741
171 479
662 363
663 518
794 339
614 112
64 956
676 509
159 295
676 659
289 85
862 866
77 154
606 122
746 345
72 486
916 81
699 835
88 236
595 914
134 242
210 396
307 559
945 920
735 676
881 705
953 204
312 196
277 406
423 208
981 550
323 324
552 846
627 402
186 596
831 36
726 346
857 409
973 222
181 991
75 372
204 80
868 63
209 494
449 415
640 288
897 428
386 616
169 776
990 131
640 604
77 512
887 19
394 874
660 513
885 797
540 47
675 784
749 415
161 990
515 763
952 831
681 135
41 96
842 113
942 734
544 153
982 751
417 977
496 346
203 863
466 382
731 858
4 402
235 212
124 15
314 685
206 503
923 285
339 210
197 16
948 888
932 69
534 241
292 228
698 631
286 478
534 96
318 975
319 402
230 43
914 858
634 583
429 351
236 879
965 80
98 776
436 904
232 298
695 245
366 821
96 297
229 67
466 631
768 949
976 808
314 451
777 937
940 147
321 485
841 101
806 556
168 500
975 955
216 636
604 983
879 223
863 698
848 331
336 181
744 50
14 196
255 906
331 32
576 91
605 63
242 259
890 805
775 814
207 676
179 447
307 242
532 505
956 733
441 632
425 3
933 957
273 87
723 44
13 141
674 713
514 658
771 353
645 344
505 15
412 557
568 299
472 320
3 24
39 846
174 979
822 975
14 696
182 558
28 29
116 21
761 175
266 605
969 410
780 422
984 761
190 883
967 146
311 108
648 237
90 731
328 204
520 714
820 462
196 451
879 718
475 156
77 320
278 697
689 70
837 326
249 550
698 252
614 56
250 979
659 523
988 837
785 706
185 144
521 750
295 239
975 633
9 450
119 491
121 870
511 804
81 842
91 74
370 63
99 583
996 223
926 166
254 661
720 265
902 191
405 637
855 245
324 611
242 212
1000 440
947 595
604 554
860 732
221 842
76 83
298 213
851 899
667 495
823 960
587 345
199 151
627 616
853 246
764 279
731 710
398 187
972 228
442 875
479 308
330 932
113 316
633 709
736 714
536 758
653 811
44 812
406 946
678 316
679 717
80 865
463 102
981 485
447 239
741 777
173 333
672 724
175 387
515 126
989 43
481 335
784 13
667 984
249 977
176 363
141 529
201 382
372 241
881 873
606 622
8 885
512 677
345 660
56 609
54 60
845 799
205 384
958 582
281 573
6 66
281 577
409 564
711 779
548 513
417 1
260 621
169 736
834 754
526 676
564 543
211 881
711 664
967 562
308 221
346 8
475 676
171 175
744 251
915 220
844 142
518 459
136 213
545 111
69 889
986 203
803 947
588 139
270 404
41 887
173 971
601 816
411 430
398 228
915 442
505 447
718 677
331 3
338 797
922 533
487 402
777 270
175 99
982 337
969 534
472 26
737 530
539 260
889 335
50 459
583 55
144 780
381 654
53 756
387 416
669 522
704 521
801 754
211 149
844 981
931 652
738 176
588 557
476 247
685 389
79 906
151 297
580 749
862 295
530 597
344 941
746 772
582 166
343 758
311 84
166 889
685 167
962 812
671 161
589 587
755 584
298 312
760 7
232 416
965 344
34 362
713 892
690 477
188 743
928 834
466 769
80 202
305 389
989 499
216 469
65 753
963 200
968 210
367 176
479 938
768 89
915 794
43 821
402 827
4 539
96 620
423 211
777 204
565 934
803 625
256 284
76 181
367 918
579 22
851 861
161 401
199 313
259 636
227 247
744 102
854 511
159 779
661 597
276 565
429 389
964 762
568 67
808 594
38 91
460 393
355 165
874 991
901 784
966 692
493 719
259 427
597 169
869 948
247 992
529 313
960 622
164 276
140 365
168 126
222 177
558 943
562 274
871 284
28 410
32 989
72 538
737 792
296 962
631 700
292 936
799 464
628 678
3 535
280 630
666 253
410 249
602 853
561 308
62 971
301 113
59 67
442 185
707 623
393 539
894 3
418 958
236 985
77 347
564 915
727 481
126 895
698 217
755 1000
760 914
44 59
617 783
390 75
352 472
808 508
571 72
916 135
771 668
738 857
318 697
86 693
472 713
234 488
384 911
885 663
651 963
458 695
644 111
177 969
217 804
381 617
919 887
940 434
872 8
636 481
842 576
161 445
560 252
462 773
626 410
60 532
367 648
557 712
652 880
601 14
880 273
347 568
818 731
963 542
17 440
956 845
539 351
142 336
914 217
973 890
26 297
590 40
891 721
106 635
767 354
714 890
622 611
770 952
678 273
112 216
724 439
193 441
993 402
645 633
324 146
106 797
219 726
351 745
582 95
766 264
857 620
512 956
654 747
625 841
42 839
831 709
870 181
284 776
54 934
171 646
883 20
230 167
237 633
591 362
261 409
465 118
858 455
784 494
750 713
567 493
94 941
258 989
81 38
246 888
798 195
360 491
839 828
404 663
362 537
11 155
150 838
320 873
848 709
356 127
341 909
1 335
630 781
578 744
667 143
29 32
512 6
34 854
128 287
357 721
722 587
775 471
928 310
782 401
243 502
18 704
889 693
356 300
640 39
783 105
520 314
831 85
497 137
226 784
725 314
178 911
217 83
146 177
575 344
355 823
526 180
515 677
221 668
459 779
958 291
195 789
126 523
71 382
936 285
772 163
296 124
407 920
923 290
691 21
611 234
908 818
467 98
18 552
844 924
258 91
960 161
157 839
323 611
213 571
648 99
755 612
991 620
940 754
888 323
26 94
410 305
908 16
654 596
330 516
457 890
131 761
447 659
707 443
491 599
167 528
923 738
943 751
582 357
443 409
228 913
500 862
525 763
859 785
552 679
717 339
383 931
629 903
742 238
996 788
788 386
720 456
422 640
423 89
682 231
7 798
798 63
211 899
803 711
785 944
310 604
521 410
189 764
564 536
232 1
219 269
310 612
705 582
273 355
544 580
726 316
484 959
893 453
53 142
845 418
96 687
260 488
941 975
302 679
229 973
548 887
934 408
544 290
428 821
412 82
469 47
363 484
569 209
661 673
95 37
976 317
460 358
321 1000
618 782
749 40
937 166
481 738
652 655
88 956
86 411
549 785
786 69
623 608
670 723
931 593
415 704
951 562
753 783
131 25
350 431
937 278
34 258
520 266
640 817
574 414
762 166
66 657
782 715
571 233
456 749
866 840
558 882
830 759
604 477
153 188
613 708
758 996
463 264
125 313
287 990
239 305
390 477
653 473
898 256
920 376
129 116
762 811
621 842
324 79
729 956
552 643
955 334
633 624
142 620
163 947
846 148
542 141
393 954
980 858
180 580
566 23
604 862
424 768
612 369
647 306
261 243
394 468
983 506
307 589
994 913
761 906
450 95
745 223
808 821
181 989
274 145
203 829
590 443
722 531
248 930
119 97
78 95
32 419
394 566
659 254
901 69
743 780
122 822
204 816
27 233
874 988
543 801
311 721
192 839
571 837
628 786
735 94
312 608
956 793
763 257
231 303
969 642
58 995
538 425
558 940
705 136
913 955
161 830
255 10
644 829
594 640
120 775
248 316
66 757
399 961
715 704
979 183
818 203
749 993
201 219
222 611
597 605
286 481
552 434
224 3
297 729
814 982
641 364
573 565
520 703
654 911
357 660
707 908
138 433
926 430
216 945
521 788
788 459
493 443
421 294
42 533
59 657
600 875
414 237
381 262
495 258
685 846
467 977
142 763
157 6
307 937
553 833
436 67
882 15
720 190
80 29
99 267
371 558
190 86
123 145
603 235
274 245
96 855
842 922
91 556
221 917
528 815
492 200
703 370
652 704
134 683
530 228
35 734
809 939
795 200
43 623
511 334
31 682
535 266
576 985
207 373
13 663
269 114
397 189
662 651
596 32
848 749
478 312
260 907
583 271
174 977
451 716
591 151
352 263
80 790
344 939
328 272
719 236
386 208
667 833
335 247
455 920
715 637
330 469
6 536
776 711
101 406
672 936
70 403
737 118
258 265
791 401
537 694
395 96
436 636
591 196
390 421
304 38
270 767
396 526
96 344
393 784
91 479
497 138
662 384
545 121
812 21
74 534
615 416
203 534
384 876
3 914
794 939
815 775
929 128
967 584
401 559
94 716
367 856
760 764
815 756
835 234
638 765
574 837
152 662
427 364
321 225
638 588
260 388
632 677
651 605
677 469
516 641
661 652
5 488
868 320
156 68
464 719
658 386
535 584
386 705
632 899
9 894
781 456
527 228
915 382
666 568
957 7
647 847
912 392
367 326
930 833
201 855
844 703
863 237
313 833
64 201
193 491
31 543
206 192
239 404
610 92
41 207
616 693
296 408
951 719
427 528
426 982
499 692
284 140
657 390
880 841
679 813
387 757
482 557
550 602
495 785
996 810
524 65
266 849
470 721
737 146
258 749
615 145
618 247
67 647
626 682
515 431
441 318
812 219
775 993
813 174
765 213
140 600
163 777
419 403
901 539
673 980
232 356
431 972
355 638
245 830
29 993
531 611
180 371
627 10
384 840
186 716
264 654
417 19
324 410
601 255
73 886
989 800
725 522
765 281
87 269
308 78
274 170
772 701
837 781
234 850
695 739
829 685
939 309
687 563
998 784
692 411
565 147
494 595
76 576
62 504
437 945
226 932
11 208
875 465
383 153
654 245
913 77
87 806
92 588
623 720
717 683
194 919
709 747
768 425
667 444
16 328
210 577
338 351
430 119
110 907
537 523
723 816
316 362
652 204
780 409
529 159
822 548
948 871
765 7
770 131
40 380
131 839
654 561
788 611
663 317
889 890
84 732
79 890
607 640
480 321
154 910
599 528
930 89
502 290
31 452
508 279
825 595
589 474
861 277
975 285
447 404
381 240
402 535
755 959
37 964
404 57
208 330
246 822
104 779
176 168
530 795
17 884
666 250
841 682
475 996
494 64
920 23
6 44
190 345
446 848
217 605
608 280
312 199
646 92
115 314
8 704
415 203
267 545
96 733
392 206
564 364
301 664
661 482
919 706
572 230
318 223
691 611
659 1
308 465
385 856
830 122
616 162
299 766
247 220
428 794
801 336
659 110
364 920
554 120
811 347
246 412
249 424
601 131
658 458
416 801
435 127
381 903
118 218
456 282
503 404
946 47
771 262
204 535
923 67
853 398
156 850
505 112
197 362
288 474
109 910
457 501
844 711
558 941
944 961
926 817
639 258
303 467
179 864
622 564
50 149
900 704
99 996
634 398
581 389
84 931
805 845
862 374
481 201
871 508
340 403
69 66
110 790
419 111
729 467
38 804
427 520
859 525
988 175
295 529
823 361
853 947
712 825
16 880
888 327
22 314
5 938
7 50
138 303
64 281
570 298
628 100
974 8
78 125
150 606
278 515
67 492
964 102
177 668
548 357
346 317
43 375
426 373
579 329
746 314
379 447
396 841
429 876
665 304
850 780
998 687
431 629
927 912
98 607
954 798
632 428
561 976
673 254
176 434
621 736
381 615
872 10
428 728
735 505
864 766
151 600
933 902
796 761
256 536
958 43
504 664
325 598
881 46
330 828
683 880
960 667
100 902
820 447
588 947
471 809
494 762
920 566
445 462
339 695
636 935
284 72
433 398
990 122
520 34
773 656
23 465
445 319
66 564
37 149
740 27
663 161
297 376
840 686
539 221
47 317
639 183
306 329
328 273
917 679
576 23
151 792
932 100
457 860
573 374
621 103
654 745
264 228
896 541
783 911
537 285
885 309
84 532
492 29
275 569
314 17
927 193
935 769
167 844
201 405
152 74
906 95
916 20
419 724
595 591
247 773
323 368
986 464
933 759
881 654
94 717
720 268
494 235
23 692
981 731
963 928
213 321
811 116
650 186
467 714
194 110
782 407
927 682
990 538
682 235
632 678
136 139
941 890
35 927
491 922
19 214
166 91
955 930
540 844
743 855
464 647
818 618
726 99
782 177
624 677
218 442
626 271
682 13
78 934
562 615
984 237
142 131
737 523
330 931
592 274
207 475
463 845
529 263
431 163
112 119
822 831
930 945
867 374
649 527
178 465
681 510
233 89
614 524
460 919
390 570
139 454
638 390
845 728
850 366
265 409
849 232
157 758
799 315
978 630
624 335
655 627
127 788
917 300
19 993
993 158
813 395
119 900
248 83
528 5
897 848
594 250
296 585
560 950
122 448
443 804
849 456
423 373
590 92
574 609
807 467
8 514
205 14
996 367
416 491
471 316
920 986
960 775
281 864
707 103
268 606
801 218
893 436
40 628
203 224
901 111
668 366
695 787
256 704
665 804
544 403
807 218
696 206
152 768
28 147
766 827
13 833
221 766
355 360
931 595
668 586
255 387
117 430
444 50
209 979
247 575
487 387
839 859
629 259
503 838
144 45
953 969
741 215
323 577
675 692
13 261
780 387
887 877
232 645
595 314
274 834
444 630
136 831
615 903
451 306
452 25
552 359
981 835
22 287
615 180
894 117
950 187
954 182
530 413
439 930
870 450
525 541
486 507
368 818
111 986
516 992
940 20
569 710
141 869
328 884
115 396
25 948
444 954
194 773
750 374
287 540
879 86
901 272
67 575
975 931
726 495
860 609
437 464
845 601
39 60
25 726
264 826
527 283
217 894
140 991
57 854
386 612
132 128
886 899
523 593
445 444
273 990
611 360
276 679
66 783
817 973
201 524
753 975
517 388
611 505
26 417
354 114
49 960
941 85
456 990
878 577
240 117
520 7
300 727
563 235
356 683
808 258
41 245
39 934
600 100
619 832
602 574
92 704
777 31
62 748
374 642
800 469
435 136
701 811
334 300
763 734
106 183
932 65
366 765
980 341
753 14
608 780
827 234
77 455
206 149
998 81
391 125
174 375
125 475
186 65
205 355
580 369
632 19
546 417
875 695
898 482
244 366
937 170
965 458
404 478
465 152
341 517
68 963
695 358
369 324
96 412
724 520
806 544
256 332
684 132
134 365
546 101
803 622
346 975
366 394
26 961
906 365
7 65
735 504
203 219
220 859
778 291
543 993
35 994
274 2
921 965
796 387
30 607
783 135
625 87
734 691
350 184
578 71
373 889
355 194
302 447
375 287
639 811
329 483
181 578
38 729
131 181
403 568
334 844
333 775
967 456
957 82
793 372
579 704
340 84
857 806
752 924
164 233
439 433
97 218
482 916
415 440
516 469
186 595
908 111
686 530
163 416
537 371
439 87
206 326
634 645
672 938
569 834
231 377
291 452
357 843
230 203
379 655
135 343
333 210
927 655
928 798
360 304
664 776
422 520
614 60
318 713
413 203
676 727
56 568
789 912
132 629
8 955
6 90
390 197
466 599
142 554
234 459
966 776
494 121
63 236
945 515
967 586
881 653
242 65
316 728
722 439
281 651
526 639
998 520
912 959
786 920
859 242
845 443
405 746
621 340
656 856
623 250
19 104
312 990
223 136
540 734
655 63
950 969
60 571
276 744
677 821
913 325
848 456
74 715
200 898
188 343
795 825
100 955
675 863
956 876
459 780
776 218
214 216
905 442
855 682
427 215
572 444
518 958
575 571
120 611
70 49
578 730
770 923
22 820
939 804
305 832
639 197
219 646
680 916
843 448
383 411
184 835
560 762
867 454
245 422
283 649
430 200
639 170
609 131
992 885
61 449
481 240
357 909
656 60
250 575
913 675
862 734
700 173
918 220
296 699
837 4
694 439
565 43
495 128
757 349
261 728
353 687
890 558
747 283
50 585
342 124
163 186
201 499
475 252
702 877
907 43
121 548
512 697
750 633
522 949
348 277
708 21
211 535
195 122
380 934
328 857
383 829
901 682
668 683
445 766
618 602
413 64
417 5
272 768
661 234
132 504
81 400
302 968
500 86
967 558
318 245
587 389
152 325
523 342
47 636
468 551
30 362
603 164
735 419
147 74
20 452
21 621
354 410
147 968
194 115
506 321
143 446
610 587
18 681
498 989
905 107
194 482
423 911
517 30
459 970
48 867
717 583
478 69
480 394
605 742
127 358
130 700
979 465
541 426
190 680
135 220
362 437
164 323
187 674
316 6
210 513
959 764
799 619
899 1
168 21
169 380
98 330
279 651
382 146
58 556
1 930
596 44
500 249
914 593
864 364
537 698
418 807
496 649
609 24
139 195
103 274
676 954
97 349
561 494
160 108
158 844
625 999
917 33
543 59
751 324
702 664
405 878
483 578
440 271
846 155
650 398
82 700
125 890
392 353
86 911
488 394
364 613
660 970
23 35
977 826
982 181
506 754
837 862
108 610
215 734
940 92
971 420
798 843
752 597
200 764
790 875
956 583
494 386
777 76
125 702
364 922
243 815
869 559
728 397
319 578
625 59
904 984
144 989
900 428
973 850
106 347
891 713
605 635
612 548
543 459
800 359
531 505
145 342
364 350
10 914
343 944
783 663
163 310
571 405
883 615
95 383
101 750
230 450
995 805
887 755
34 424
89 335
352 203
334 463
82 92
484 472
945 90
124 551
805 574
793 94
723 413
873 264
139 124
432 194
140 659
841 874
823 910
9 619
814 695
340 826
879 407
310 150
83 573
77 185
100 366
158 74
306 969
626 978
977 4
264 761
941 737
121 830
787 263
254 610
755 187
367 833
738 951
483 348
502 680
51 512
454 719
897 500
203 845
574 684
261 101
320 559
781 878
375 75
414 541
498 914
401 243
96 985
596 706
636 195
450 832
877 39
227 398
907 874
913 233
252 587
165 76
994 500
356 761
473 743
865 385
22 958
88 230
571 723
681 119
66 415
67 848
28 506
692 913
53 857
240 880
978 706
905 712
943 768
344 942
236 644
22 11
794 208
279 408
654 636
912 107
989 115
348 125
760 357
64 684
554 526
17 548
418 879
917 391
521 934
279 638
780 129
470 571
322 75
56 731
880 669
699 51
677 862
629 830
322 993
375 634
286 217
768 840
756 439
388 649
595 883
244 323
419 585
594 457
225 682
228 223
393 870
177 527
841 608
950 386
717 397
289 277
105 317
413 492
73 863
57 66
212 922
100 852
941 778
795 621
583 522
236 593
143 421
40 666
493 992
632 680
782 260
629 166
106 613
246 427
670 473
673 363
892 345
461 884
473 253
91 698
203 713
577 247
649 194
726 976
505 204
201 715
469 906
541 453
31 651
105 923
36 787
536 763
331 457
887 756
345 811
583 223
969 351
89 728
398 760
771 126
813 743
616 711
603 831
175 398
552 111
625 527
862 332
499 294
779 680
157 756
947 462
162 682
165 225
338 43
22 369
580 315
376 249
451 233
401 972
608 932
292 543
223 885
7 116
470 637
436 706
772 868
440 645
395 367
491 690
534 766
276 218
519 110
997 48
245 827
656 520
16 759
54 339
538 612
354 697
262 876
673 203
355 484
878 252
4 691
481 826
833 525
760 539
137 22
854 357
801 111
927 763
566 297
915 227
55 812
61 687
234 849
381 670
535 907
494 487
388 48
32 10
786 159
276 653
246 439
532 446
807 708
558 698
122 240
565 434
604 231
696 256
921 734
260 808
814 403
909 389
876 56
398 954
19 579
615 669
192 29
464 786
340 397
417 952
70 18
198 103
861 829
273 316
499 740
418 578
239 750
519 1000
903 585
406 227
987 760
485 844
373 485
193 647
642 68
296 664
400 883
254 139
417 100
577 938
729 791
949 590
642 870
141 786
492 894
665 424
449 597
637 444
402 677
814 839
669 353
600 770
324 642
474 51
829 891
756 653
817 519
309 227
973 188
213 263
177 817
416 215
573 141
276 579
552 238
484 814
434 455
494 387
748 408
136 69
670 390
605 807
95 658
327 33
610 991
882 856
361 490
608 523
668 227
673 275
164 57
916 422
43 519
339 668
992 754
614 793
120 557
763 518
940 586
597 27
350 399
795 14
670 834
306 209
291 895
2 246
314 708
22 108
244 773
176 557
529 239
965 937
166 700
371 442
813 303
361 368
527 669
749 989
324 585
946 826
741 989
278 949
45 982
27 631
90 705
605 62
148 417
196 311
667 903
210 38
28 859
785 560
721 690
538 920
263 643
672 878
893 980
548 273
606 555
811 577
888 204
88 445
817 240
447 437
785 850
682 702
992 378
246 785
587 887
886 356
350 723
149 396
133 887
999 113
707 174
994 990
479 794
209 290
817 23
125 910
273 525
751 942
807 72
313 252
872 13
800 762
911 222
890 625
559 788
925 398
695 804
790 884
352 864
605 995
549 755
472 185
318 186
972 254
98 207
47 856
902 529
389 994
782 75
825 291
570 673
189 85
669 683
230 931
74 439
455 758
369 175
131 196
60 230
634 207
818 822
218 886
86 235
266 756
320 469
823 440
187 346
804 475
737 936
511 269
426 897
577 711
491 977
289 910
240 607
478 745
137 835
979 964
282 284
900 852
154 850
909 994
736 78
475 146
718 338
578 801
831 593
962 640
45 220
301 882
432 239
180 581
550 879
171 266
188 676
615 335
599 842
674 383
103 571
216 768
177 526
765 196
76 276
116 565
778 16
449 654
859 71
347 363
764 216
86 948
33 56
531 809
971 414
882 47
186 534
355 949
156 162
13 743
416 31
181 785
424 762
811 390
460 232
499 653
972 147
938 15
317 450
100 982
853 240
377 687
378 208
360 571
658 510
551 329
574 58
188 337
298 497
982 335
930 746
37 84
522 544
65 395
604 245
640 955
643 268
520 193
889 294
908 856
758 507
126 415
594 693
153 905
409 311
338 375
156 516
213 597
291 823
255 206
876 847
408 633
32 649
508 698
239 570
38 520
149 814
334 362
961 524
466 98
193 698
117 380
869 861
936 862
796 762
361 473
415 188
610 162
598 933
175 860
788 681
880 698
590 885
516 888
918 828
154 985
340 780
396 558
271 642
147 400
385 283
189 789
228 139
193 346
345 527
310 863
665 380
629 563
833 738
979 540
232 247
674 498
983 124
342 364
125 852
110 248
183 812
738 909
376 694
103 829
263 754
619 791
303 480
985 761
158 445
472 932
787 431
220 878
494 373
557 617
924 876
638 620
313 147
365 248
395 997
726 19
937 280
866 430
665 809
504 723
891 961
978 839
304 794
411 30
806 412
22 546
880 429
164 510
311 633
95 198
407 74
999 940
411 143
340 31
468 84
987 940
872 451
604 794
493 519
499 630
80 692
134 913
179 776
273 307
540 386
593 874
452 727
325 111
130 79
376 457
249 957
111 514
2 53
782 380
488 530
569 783
318 111
788 623
946 812
63 541
448 628
732 220
440 874
242 624
519 286
166 962
141 640
430 428
112 816
138 390
641 37
915 578
771 678
958 612
93 939
603 375
141 866
424 886
320 807
617 55
85 617
146 671
555 973
848 269
423 201
280 361
202 703
105 500
17 906
618 169
57 121
206 538
355 892
228 502
502 765
748 765
91 973
380 281
237 128
165 483
509 928
632 626
762 545
263 710
178 622
809 656
352 837
157 617
647 604
961 509
619 761
582 82
449 178
341 388
735 929
904 937
192 971
890 30
242 595
34 615
265 323
615 640
616 610
766 564
127 122
233 201
942 451
466 264
799 478
503 807
623 982
59 379
356 417
580 719
173 143
638 477
71 752
989 109
261 892
389 958
103 163
710 969
750 874
839 751
842 337
55 28
811 674
97 270
975 479
372 128
266 789
33 614
950 235
24 287
477 475
775 916
54 79
975 765
203 656
440 702
594 483
651 104
67 97
802 244
125 171
328 659
822 418
310 775
223 610
546 490
176 295
51 661
802 103
17 997
346 91
788 54
158 362
553 836
570 874
399 68
576 14
403 385
756 529
24 411
782 447
838 713
852 711
606 217
385 747
235 591
436 366
437 723
60 530
955 922
798 564
235 732
752 450
308 288
660 701
386 758
333 947
523 719
783 305
860 900
511 968
331 350
739 45
80 606
282 822
929 517
279 71
890 50
965 676
223 704
369 705
671 320
639 290
291 794
748 222
371 488
942 479
253 728
139 478
231 44
454 341
476 181
295 723
249 171
888 301
28 666
31 213
510 76
349 466
576 410
408 316
118 529
185 590
25 53
82 62
466 161
909 993
107 657
989 275
190 321
561 52
194 567
802 822
145 781
24 490
595 885
63 779
202 857
388 538
190 394
45 509
319 226
837 609
254 525
403 191
422 745
578 627
135 582
413 490
56 793
95 664
623 175
631 506
403 413
932 129
868 111
405 759
691 558
782 411
859 356
882 959
591 805
778 706
160 21
17 380
803 877
695 779
347 697
97 718
39 295
1000 349
950 895
576 540
759 229
781 451
729 50
412 362
70 778
623 586
265 2
563 183
123 764
70 933
613 117
454 4
443 757
316 125
305 756
161 465
715 417
37 181
701 910
120 725
852 14
446 891
876 244
478 424
656 160
804 504
455 904
443 64
204 28
795 670
175 633
605 244
219 953
956 258
16 92
162 283
163 46
663 645
757 346
323 788
163 191
491 730
42 948
906 797
928 829
582 494
713 365
309 378
868 719
544 781
620 37
358 665
90 843
401 748
128 36
76 426
862 793
441 35
152 426
924 728
339 379
169 745
47 911
685 657
209 216
693 134
938 319
542 437
494 378
375 13
412 57
621 309
416 60
234 863
517 138
423 923
796 343
66 180
48 919
469 41
324 876
933 858
645 86
796 454
429 747
800 1
364 960
152 772
635 455
34 486
451 988
93 399
113 465
866 241
904 910
923 122
562 662
2 353
754 602
368 225
669 515
209 546
753 658
921 510
973 909
597 865
14 635
588 548
241 717
893 635
412 818
87 554
757 28
7 295
866 548
374 580
712 691
905 368
241 845
974 791
996 715
558 86
7 436
671 989
547 441
509 84
880 584
148 382
906 686
245 586
339 397
822 458
746 176
726 967
980 753
492 655
609 729
979 571
484 123
410 834
167 118
295 61
885 813
584 280
512 85
531 755
36 481
613 915
964 933
851 866
212 988
929 60
656 788
476 985
587 418
385 802
464 293
47 898
30 724
751 874
592 33
117 586
9 991
69 727
744 738
578 50
994 380
579 970
393 457
436 425
592 335
867 71
940 164
763 150
240 105
386 821
143 595
59 412
847 687
353 191
687 22
783 611
134 998
643 212
520 873
48 393
192 234
856 129
934 548
64 468
582 106
13 293
469 867
219 624
2 22
421 960
483 935
463 325
653 277
514 125
475 283
383 690
149 982
124 546
197 826
453 448
129 10
521 792
296 517
278 661
28 964
68 41
716 877
642 840
382 329
521 130
977 351
798 351
489 389
664 863
438 350
342 723
924 657
176 329
655 611
566 90
470 879
162 148
881 532
533 387
682 591
885 886
358 517
281 514
856 886
980 900
195 452
34 986
24 220
703 932
262 810
450 10
807 74
722 606
928 289
931 744
90 468
274 239
5 109
686 940
269 424
307 845
787 87
593 356
575 476
165 800
798 565
748 896
52 959
971 163
39 659
1000 753
801 480
877 181
145 132
329 487
91 704
175 476
173 558
688 798
361 790
765 768
252 949
550 116
830 964
486 654
201 782
952 594
681 116
26 163
601 301
359 485
417 870
453 96
535 486
404 612
626 992
279 292
672 704
856 157
327 314
858 968
624 201
771 148
431 678
887 928
155 534
292 768
404 954
850 278
119 959
524 91
836 965
892 95
605 299
997 726
210 8
986 20
487 756
572 830
719 953
813 68
618 44
90 965
732 52
932 726
534 358
883 128
651 6
779 77
764 901
530 973
505 798
786 809
660 312
55 694
902 405
337 949
963 137
964 214
387 565
368 973
76 278
320 864
288 969
82 861
592 828
657 752
124 121
751 972
826 501
555 209
190 116
998 931
413 267
660 892
39 337
96 777
464 749
137 217
543 961
892 229
6 565
240 324
4 911
21 823
406 559
9 791
999 676
746 812
494 552
481 735
100 935
728 328
213 128
913 202
274 260
611 53
596 455
578 214
604 282
964 991
70 922
934 819
517 361
900 359
781 164
303 864
606 139
204 683
285 905
505 412
869 533
567 612
418 573
292 70
149 699
442 439
979 132
176 759
748 319
487 421
714 123
699 261
666 454
597 686
857 593
822 717
81 959
962 960
157 610
193 809
927 386
948 943
16 957
751 447
880 700
812 209
484 354
812 891
519 474
965 398
918 540
320 989
228 254
391 756
986 270
90 251
107 811
860 491
629 586
704 775
284 303
410 926
678 603
696 164
313 201
612 299
631 473
100 7
352 492
998 552
86 982
747 1000
848 65
136 221
172 523
212 552
104 209
94 460
366 305
777 84
156 55
360 906
934 482
937 286
576 714
227 122
247 871
798 525
900 37
294 796
26 598
998 591
286 924
855 725
382 549
662 619
593 590
362 433
74 461
257 571
496 311
120 643
190 575
265 964
363 25
734 56
809 135
439 324
412 757
633 971
935 378
948 766
260 728
409 130
637 900
619 121
106 860
282 526
989 7
748 194
633 37
942 135
852 476
747 221
456 498
449 751
301 150
943 539
233 224
819 617
943 746
362 900
515 352
992 115
256 212
24 261
408 228
651 352
452 149
509 964
111 880
572 742
483 761
963 291
488 833
604 55
826 105
916 37
722 198
245 875
43 158
137 341
465 192
284 668
256 357
864 906
350 645
42 346
997 162
229 776
621 758
949 15
200 514
497 254
612 463
117 823
461 485
100 59
941 923
502 755
229 921
303 390
48 351
200 657
775 377
942 811
262 617
194 83
15 163
535 936
593 383
497 418
670 389
179 426
655 807
682 63
625 63
635 482
250 76
87 851
481 368
856 100
314 66
126 586
550 472
202 58
554 791
524 707
874 520
614 548
255 51
737 784
904 649
590 365
378 714
642 261
885 57
153 240
304 351
838 129
452 836
736 327
711 524
849 728
462 149
656 120
976 38
509 266
429 453
401 385
897 915
534 488
741 700
493 27
449 788
725 757
385 208
945 135
185 475
103 528
359 923
833 390
883 84
367 111
738 849
615 437
998 263
842 787
223 620
280 216
669 322
670 37
381 305
402 791
835 492
648 579
21 719
156 298
871 749
233 681
971 503
721 140
461 393
263 663
303 410
990 544
80 163
616 117
246 720
906 505
69 825
934 475
919 621
869 766
247 190
325 592
416 980
558 646
815 285
855 556
804 514
455 354
212 692
977 742
687 983
635 398
448 468
429 474
625 180
273 223
365 625
334 960
278 876
767 362
365 514
624 502
597 951
139 579
658 861
127 24
130 386
867 465
761 182
746 674
279 669
272 191
473 722
644 687
6 640
26 66
745 618
836 951
893 546
250 548
991 897
486 323
196 421
345 997
175 135
491 611
920 409
666 133
685 231
525 382
552 285
106 438
343 295
570 345
842 450
794 353
195 244
103 423
768 844
24 492
120 341
690 609
395 327
998 488
219 27
632 240
689 351
466 592
911 488
465 452
509 750
873 155
176 453
509 607
113 798
601 513
249 195
570 780
882 42
539 759
81 329
506 310
488 341
734 630
347 522
647 866
479 25
415 801
576 920
576 751
563 411
946 561
801 274
236 145
165 155
757 593
830 135
355 229
672 33
856 318
922 681
886 238
129 374
308 548
10 958
248 413
247 593
895 197
986 675
400 194
292 496
386 109
914 296
585 947
16 498
804 363
932 160
23 209
260 741
783 715
370 690
791 236
171 943
31 203
163 67
718 775
573 404
41 611
171 572
577 593
561 372
357 793
230 25
779 196
202 566
847 218
6 910
832 641
651 327
546 627
766 14
732 106
328 96
774 795
721 767
479 667
903 37
45 317
547 7
115 9
279 892
1 558
765 95
608 370
595 585
383 824
239 874
885 678
464 142
410 876
267 941
470 148
987 122
699 942
404 258
43 194
542 40
512 75
260 321
25 764
342 442
273 714
312 16
185 262
463 747
86 70
493 960
989 262
242 320
260 103
467 605
146 122
497 278
578 25
389 918
943 275
212 271
855 615
18 64
352 922
557 921
744 672
429 634
819 142
857 71
711 100
959 618
448 28
913 983
24 842
244 813
649 557
746 619
230 328
122 321
909 99
205 902
11 725
893 633
845 758
700 223
206 272
279 476
127 822
81 922
614 268
366 320
914 876
129 44
469 857
122 899
757 316
614 159
559 618
563 623
253 249
362 788
551 650
642 866
36 469
6 773
492 890
533 252
186 393
349 939
315 743
101 26
543 439
600 663
731 191
180 687
806 687
552 538
52 353
306 945
324 988
78 437
669 238
228 98
216 618
401 488
988 548
147 252
646 230
261 12
962 139
70 537
907 534
105 394
414 554
454 631
735 386
441 648
740 20
463 719
869 328
677 517
164 680
730 177
52 933
768 414
952 235
863 511
868 263
672 966
252 572
734 360
751 586
238 635
705 102
922 737
744 555
841 503
970 213
93 258
4 501
607 670
452 115
993 802
719 355
256 636
702 530
120 783
192 236
781 124
50 198
641 553
206 509
278 990
481 194
154 952
456 384
590 615
346 455
870 823
847 138
343 685
836 605
941 24
409 959
67 695
656 392
491 535
883 313
441 270
302 431
135 118
233 108
822 468
219 129
419 451
718 229
297 995
361 176
713 299
2 600
462 342
44 965
341 527
534 698
719 618
940 133
115 773
414 20
884 474
361 863
806 437
772 749
351 344
557 541
962 239
372 345
449 448
15 17
787 488
459 171
961 301
460 142
180 199
933 911
130 940
922 459
563 446
240 169
916 546
902 466
666 556
805 423
853 502
577 8
291 558
523 942
709 539
240 998
973 962
978 556
619 802
887 257
453 110
202 430
258 76
443 968
792 797
118 842
357 514
47 314
107 487
273 393
75 517
757 33
480 179
740 817
335 255
637 587
458 110
822 743
680 220
737 29
81 593
188 979
370 252
716 597
949 736
141 483
257 46
334 44
733 860
107 658
327 861
951 167
666 756
397 166
868 583
225 451
279 746
182 644
820 738
920 184
651 56
17 783
506 883
302 914
8 929
318 322
773 660
410 777
160 620
158 171
162 182
594 341
243 257
882 767
318 301
12 852
882 216
163 821
459 361
589 988
595 709
651 887
375 181
165 471
882 43
475 707
100 252
138 913
468 632
74 531
216 409
350 892
260 396
388 89
523 526
816 532
216 320
969 774
695 772
791 581
985 543
833 247
587 288
221 610
770 627
734 288
610 882
668 86
40 465
839 223
437 839
994 4
978 897
740 608
852 154
710 219
987 866
71 407
297 494
107 451
609 133
455 901
426 865
832 996
27 642
600 320
267 403
884 952
179 748
129 455
862 595
955 95
663 646
524 200
384 179
58 86
341 741
215 140
754 85
902 484
336 299
93 943
780 896
893 9
713 483
511 544
78 303
713 588
403 220
77 973
372 26
686 665
377 787
101 612
221 245
972 894
133 988
22 398
284 344
604 913
751 994
420 648
347 504
632 602
686 891
194 77
549 597
289 295
350 856
46 256
7 725
446 335
843 969
200 853
385 997
201 775
501 325
601 175
147 671
442 789
278 503
138 522
139 684
636 998
969 749
876 524
505 461
880 143
148 709
616 226
374 697
148 692
365 858
25 295
939 919
810 942
912 25
325 508
788 900
935 887
59 192
921 285
116 407
566 528
37 537
742 470
743 107
980 431
798 633
768 535
328 14
916 182
115 198
296 556
499 39
897 38
183 257
174 498
768 821
823 977
257 304
703 409
243 219
336 279
172 165
530 787
893 45
113 763
890 789
673 889
211 934
732 284
593 194
82 585
446 190
394 477
693 231
544 633
214 37
206 899
989 909
276 584
212 590
319 874
986 181
53 282
728 484
433 696
507 779
751 740
165 193
402 245
22 586
43 749
796 37
247 837
963 556
492 108
520 447
904 990
388 311
174 736
503 620
485 929
783 334
273 241
661 85
406 311
338 537
778 842
726 652
405 182
645 506
60 78
120 673
531 511
993 396
947 127
101 647
27 812
432 138
106 815
37 950
990 307
495 627
978 363
4 319
559 442
391 340
766 175
206 365
335 271
742 355
724 234
49 22
710 973
215 481
899 670
788 527
736 200
475 284
992 521
719 934
814 846
138 471
652 408
675 4
751 497
224 411
828 638
817 235
966 916
181 324
556 144
43 367
209 123
210 468
46 918
252 191
717 483
241 426
304 523
252 46
678 534
915 832
509 697
699 969
836 326
488 492
252 413
424 773
952 315
769 667
642 651
458 524
954 649
831 77
635 836
928 292
51 439
91 950
20 506
556 724
744 76
981 801
655 32
490 780
52 11
998 69
242 393
890 493
764 262
424 289
903 955
243 785
229 750
982 292
160 491
291 595
601 558
902 677
463 881
727 708
359 256
51 115
179 166
956 822
203 931
444 2
640 510
434 40
92 524
79 822
675 535
268 423
16 392
297 497
192 201
487 386
913 815
606 972
843 426
956 139
334 275
128 589
248 208
157 746
339 251
567 803
658 637
812 724
127 888
455 242
844 848
24 673
44 348
248 63
710 809
770 498
976 707
823 359
980 487
619 353
200 49
644 448
2 795
928 789
659 679
660 340
254 855
205 401
334 207
944 15
431 819
253 389
537 176
205 98
543 398
820 513
76 273
721 972
138 188
177 914
507 503
502 663
223 467
280 421
655 870
511 596
661 433
189 432
744 25
108 672
476 924
789 292
8 510
179 375
949 359
807 841
539 535
388 489
762 724
501 352
672 180
964 804
269 346
696 58
660 605
189 366
347 810
479 313
467 417
506 121
273 40
321 804
620 440
195 799
204 599
889 297
322 646
535 406
539 83
577 388
339 953
291 826
892 328
239 720
557 788
26 53
300 948
853 672
932 49
715 643
637 622
68 319
162 676
377 127
897 831
951 484
40 280
496 970
717 947
528 125
72 137
901 918
652 472
138 284
125 412
367 451
78 18
172 51
600 526
584 179
695 129
129 224
116 880
779 106
522 177
229 745
794 613
300 286
777 219
768 72
99 620
741 37
376 878
928 398
124 41
821 509
114 83
707 506
265 83
801 97
864 754
878 113
36 557
445 842
525 524
545 100
750 47
255 631
950 573
151 920
954 13
706 209
984 850
583 885
990 649
593 673
332 339
5 307
84 476
17 493
812 852
364 83
732 742
756 23
203 292
669 543
710 181
586 367
736 592
829 59
187 409
923 58
563 802
358 226
107 430
179 557
2 14
40 357
962 944
612 848
666 72
853 934
893 857
15 933
935 596
573 551
443 334
539 151
230 138
766 40
889 177
357 29
894 460
272 581
458 932
791 995
167 780
120 399
671 140
985 909
877 615
380 961
938 509
901 759
299 45
120 510
764 831
380 48
823 758
243 504
563 64
891 420
104 18
712 337
276 986
540 639
119 202
531 692
821 66
881 479
990 587
596 838
467 650
860 440
450 964
324 829
200 739
554 478
496 138
5 390
632 742
762 669
429 698
212 708
821 176
947 773
273 982
901 362
647 1000
874 962
899 823
277 887
957 213
303 967
704 711
473 936
257 747
981 732
739 389
970 443
433 490
922 970
145 446
93 256
258 247
939 724
634 36
853 262
691 87
876 169
670 242
645 522
577 332
122 355
73 189
3 198
922 48
175 588
699 334
862 270
934 683
477 308
560 520
466 39
33 772
415 226
474 554
951 44
646 602
97 257
85 980
233 193
106 81
652 137
148 286
205 283
421 814
353 744
854 904
84 616
875 687
1 116
202 991
395 560
119 618
21 654
422 631
65 682
33 308
72 270
866 874
884 437
647 507
869 39
545 337
394 367
786 541
7 674
811 242
233 686
327 332
661 412
95 816
150 915
43 998
86 29
82 826
682 252
241 100
895 327
811 400
873 623
639 772
195 631
752 616
694 591
332 260
777 401
541 216
659 972
347 705
155 434
818 718
265 726
653 332
595 123
913 226
986 936
808 456
829 462
61 36
195 802
89 299
221 318
352 563
248 388
108 144
801 358
37 156
298 354
705 354
120 702
490 336
533 668
538 258
280 558
1000 344
852 102
197 87
953 777
573 284
104 618
14 934
474 927
310 265
281 53
690 427
55 127
438 109
276 376
723 465
747 311
698 785
275 576
849 475
452 232
570 471
842 592
770 277
613 275
278 548
96 723
968 134
457 647
371 841
100 265
817 359
312 281
378 71
96 432
998 433
232 16
807 149
294 296
575 137
161 229
704 560
36 491
133 119
565 20
547 569
56 124
455 140
925 969
544 273
964 662
694 555
678 876
570 621
147 788
959 925
711 236
605 873
517 435
917 782
39 512
795 174
924 458
763 338
877 294
53 740
221 258
334 547
724 367
247 594
952 520
344 883
24 881
496 670
153 915
197 381
528 705
842 33
19 778
115 545
921 406
831 959
62 684
868 675
16 4
941 188
216 744
457 871
629 249
443 180
483 995
905 975
46 275
304 158
505 627
474 738
516 727
186 158
23 545
599 518
300 210
504 309
340 923
898 307
904 898
414 113
987 337
988 910
440 652
3 730
172 195
855 478
175 952
159 455
346 250
458 784
298 889
268 757
668 714
16 750
536 469
475 771
424 815
485 358
492 582
328 575
869 448
191 212
553 903
790 980
209 509
200 712
835 46
366 309
702 179
398 335
778 739
907 973
412 421
244 788
523 556
259 298
319 598
810 28
729 17
322 457
236 7
311 631
377 431
947 119
60 791
437 857
847 501
61 221
120 647
346 970
16 322
714 185
78 472
33 110
295 944
948 762
494 322
143 792
130 73
478 393
681 338
300 808
121 381
528 459
106 235
694 504
343 650
386 257
597 575
175 649
215 332
586 800
658 725
438 85
21 243
884 13
262 263
11 5
27 650
702 817
742 54
599 667
30 242
168 887
959 307
10 70
512 268
246 652
256 202
350 766
940 156
209 174
390 133
836 477
910 636
680 176
932 968
420 737
439 712
613 13
336 55
869 403
636 354
428 607
855 192
252 123
342 204
937 563
4 670
502 840
704 918
778 421
962 134
902 969
7 682
288 62
369 226
920 733
407 273
303 224
697 301
173 692
374 223
108 399
252 668
436 438
437 923
331 168
4 210
977 766
619 541
395 727
145 44
308 616
771 368
330 992
154 274
239 284
374 505
212 12
553 456
300 607
301 306
230 664
840 700
830 527
835 275
254 381
393 594
278 989
764 295
325 478
277 155
6 555
84 651
323 693
959 932
415 237
660 496
153 22
428 104
448 760
270 895
219 789
794 265
546 438
288 231
471 187
917 77
646 645
99 888
140 538
362 646
953 281
493 432
555 445
112 929
684 95
86 705
967 712
988 741
441 94
828 862
522 145
471 179
617 21
263 493
376 645
697 141
915 834
717 114
740 213
934 135
389 23
119 312
488 494
125 903
290 700
418 489
147 29
829 521
389 184
953 475
919 760
133 163
686 945
694 180
911 84
421 248
263 945
568 107
92 889
18 116
536 274
478 122
393 488
967 50
273 66
844 319
357 67
929 322
127 294
553 411
866 178
889 275
286 875
624 992
255 66
348 672
455 636
774 972
350 338
282 210
670 929
508 830
450 256
58 637
405 264
852 103
682 272
15 744
681 281
679 770
282 446
120 925
303 542
733 469
383 716
334 384
136 785
250 659
350 761
953 746
923 944
811 889
629 149
427 767
709 237
380 693
805 730
129 105
148 307
132 856
314 39
647 171
930 333
558 258
45 213
413 849
31 390
275 688
850 964
228 880
854 516
157 300
285 279
965 405
276 206
237 345
659 445
937 873
495 299
595 601
964 354
161 11
489 646
311 765
265 53
857 435
267 611
142 845
664 461
868 21
635 866
262 666
341 243
916 739
385 877
759 477
57 917
369 859
118 382
834 167
765 989
933 817
809 867
78 940
590 301
766 773
765 846
948 338
736 872
718 936
991 412
539 311
23 414
356 645
491 876
123 754
574 691
305 938
576 816
614 728
65 317
467 129
178 116
899 44
813 590
433 130
547 496
879 829
291 828
454 280
936 39
130 98
775 534
525 43
560 578
542 694
634 319
373 265
123 830
805 924
440 852
515 395
240 626
906 549
27 564
528 127
784 137
608 973
573 513
577 966
970 575
934 291
58 85
422 978
404 185
479 647
239 619
337 234
157 415
968 84
988 911
863 813
220 289
884 200
190 473
82 318
414 129
953 337
475 503
171 508
120 484
708 173
121 781
158 138
396 779
953 194
269 763
78 349
924 581
520 594
566 182
659 272
553 885
721 191
63 408
636 462
629 235
934 759
604 620
592 940
337 711
449 397
753 255
330 664
113 24
330 702
445 185
29 314
450 785
511 680
778 627
728 442
835 638
160 422
35 818
930 662
291 668
865 743
807 764
302 508
213 175
164 485
22 911
886 206
597 9
996 642
435 266
199 797
737 670
320 90
359 475
297 181
24 846
477 12
577 358
874 416
817 911
782 727
328 452
456 281
572 191
668 156
710 836
266 518
969 93
54 681
956 333
188 807
598 766
859 570
483 798
465 388
399 516
534 449
115 203
950 168
618 222
46 671
799 43
823 957
36 465
148 235
940 993
775 62
776 1000
607 803
285 302
860 166
54 21
684 116
78 159
280 82
46 633
251 761
132 566
115 406
171 472
447 127
531 648
810 134
366 5
280 368
67 258
265 252
730 1000
548 697
753 441
826 455
419 871
540 633
333 725
928 283
217 836
535 822
616 562
937 492
359 287
869 709
339 582
228 842
17 318
169 139
501 294
502 1
397 427
480 657
751 598
772 820
528 989
307 386
312 620
791 876
724 305
778 841
377 74
529 453
639 422
140 331
37 50
207 266
469 523
18 725
576 151
904 654
571 681
357 746
247 650
520 277
804 431
761 352
666 392
874 279
57 759
509 272
917 761
150 152
60 146
770 939
33 910
785 415
909 510
538 113
375 760
345 829
16 875
515 323
656 283
533 408
883 170
811 953
578 836
673 568
216 957
323 99
73 584
205 123
150 708
959 342
233 882
163 603
954 946
459 496
441 93
585 733
63 242
176 478
251 882
363 860
686 724
266 291
416 156
273 517
682 875
60 715
323 372
375 66
677 596
921 478
389 200
344 349
556 614
564 105
816 798
810 233
919 473
705 981
507 921
682 431
406 359
687 978
567 103
866 179
135 748
838 437
53 831
804 260
390 954
700 445
828 106
852 96
927 374
567 911
434 777
44 490
75 569
875 580
776 612
482 541
585 244
13 323
605 233
296 426
535 194
663 265
638 371
755 693
728 635
358 394
694 336
343 290
419 274
632 23
813 190
390 401
449 971
546 475
840 228
141 705
733 871
382 367
555 523
681 980
205 398
850 965
525 603
362 46
115 417
668 857
172 872
121 880
460 204
124 401
586 682
642 584
593 254
431 278
977 95
924 610
992 871
838 463
731 276
533 274
826 268
646 314
100 105
542 64
1000 23
290 705
677 550
919 686
560 303
997 374
907 594
45 43
855 888
346 856
96 783
961 269
781 538
950 967
113 204
242 424
1000 324
963 600
947 895
341 468
52 921
398 133
633 614
191 630
969 612
52 776
109 809
661 882
900 478
614 846
613 617
317 188
526 48
105 898
521 982
252 983
36 772
40 223
829 65
598 390
451 775
783 560
205 780
4 457
633 817
944 900
376 326
800 440
714 18
554 635
633 930
210 821
653 117
271 341
387 737
945 191
692 668
845 606
477 378
116 46
633 252
906 546
743 67
505 625
896 500
239 288
742 441
924 97
362 829
951 135
590 893
362 844
932 752
955 305
774 279
579 381
124 326
286 77
987 192
20 121
264 555
617 67
923 908
67 62
251 845
342 356
253 279
400 615
583 955
591 627
82 609
338 502
218 339
570 186
226 628
802 281
108 624
18 264
181 972
665 535
80 209
483 236
946 748
322 178
899 574
95 923
541 237
725 368
820 36
640 706
700 946
113 232
22 674
714 626
290 822
201 695
692 141
80 571
183 522
170 659
300 742
597 8
619 960
753 826
258 238
331 492
23 18
925 946
657 60
415 324
164 196
494 923
731 166
305 922
179 229
491 883
74 169
900 615
794 238
870 957
653 153
675 673
997 282
288 775
254 470
757 485
923 447
771 78
819 766
664 573
478 681
852 382
765 32
834 677
200 76
418 31
680 438
241 672
168 746
833 932
374 256
79 476
663 796
124 763
440 682
57 481
354 880
264 632
864 785
169 701
834 697
372 616
693 370
755 169
239 642
205 184
15 228
967 516
557 564
116 740
918 657
212 987
122 303
859 308
773 236
208 898
155 653
337 546
735 852
963 754
397 712
74 599
800 949
910 446
237 410
402 241
976 278
65 41
844 277
592 326
597 187
672 110
636 919
123 716
636 767
913 148
761 322
415 683
87 990
109 898
934 893
739 279
499 602
562 260
378 869
128 746
240 846
173 374
178 396
36 50
904 542
429 29
158 613
144 403
254 498
439 68
135 847
31 142
399 746
385 8
150 264
409 898
157 548
659 798
534 482
519 378
794 279
48 93
641 488
456 242
419 454
3 647
722 21
996 500
244 369
410 655
30 236
747 618
822 88
422 618
719 704
333 5
685 816
837 629
234 474
833 674
775 195
485 299
677 881
328 746
518 99
276 778
376 758
640 509
74 873
256 502
336 164
398 87
303 416
251 83
342 142
130 822
99 391
209 571
742 751
839 323
142 913
167 454
942 952
871 978
863 478
350 167
155 439
912 522
948 376
236 58
716 236
610 875
458 204
39 537
801 482
932 491
138 560
602 711
677 151
424 572
790 478
517 382
636 554
666 426
574 90
739 307
101 854
301 276
73 205
793 708
352 276
637 981
598 581
662 998
374 661
297 518
151 359
376 9
13 322
366 676
149 898
611 555
297 663
926 586
289 519
839 715
205 683
595 31
68 229
824 891
641 347
309 765
43 417
281 340
524 176
600 566
394 93
395 492
258 572
940 64
928 664
324 301
570 69
238 303
194 197
220 401
760 811
457 609
964 221
33 469
417 118
646 897
613 242
418 408
316 723
7 974
449 310
290 734
517 781
539 717
502 829
582 977
911 5
473 41
702 154
338 921
172 685
682 394
342 773
612 227
960 580
155 482
139 985
446 295
13 752
644 166
772 115
956 752
978 856
575 334
485 489
628 808
539 265
191 710
602 731
624 959
142 318
736 729
714 473
537 792
539 166
151 52
118 905
669 567
585 548
343 812
967 310
224 412
630 20
705 323
373 245
343 925
344 997
395 554
478 400
384 990
33 875
110 875
477 200
652 172
358 85
675 277
641 645
35 178
399 701
202 48
261 700
898 565
598 835
753 133
984 595
949 719
889 338
723 494
172 408
599 515
391 958
348 377
208 460
319 296
368 770
185 844
659 564
841 697
939 816
962 415
393 904
342 357
658 895
370 82
557 446
261 129
155 898
212 849
584 484
323 344
474 6
474 212
171 156
711 542
323 489
74 929
111 398
955 764
8 271
749 248
825 216
754 142
243 687
302 544
930 549
648 206
208 709
501 320
672 212
873 693
551 356
499 803
766 807
516 92
700 657
891 806
639 396
454 88
679 529
903 669
27 982
943 236
430 17
297 444
999 133
106 820
97 31
627 328
407 656
374 557
178 376
163 404
281 65
175 549
732 806
608 892
286 171
202 709
921 145
44 288
157 607
304 189
362 911
325 281
348 174
44 183
654 860
436 569
295 326
542 989
433 929
245 294
765 140
841 708
943 591
722 193
788 957
564 260
416 404
313 12
796 285
262 951
412 851
104 903
488 881
512 446
853 592
957 418
375 203
985 691
555 129
936 845
433 977
601 160
389 210
801 242
514 973
108 740
324 825
496 142
652 935
248 799
709 894
854 121
179 435
321 966
503 506
804 533
967 75
127 446
623 549
237 298
735 63
757 531
257 44
430 339
213 833
307 388
880 450
259 41
889 372
961 135
468 113
731 829
628 919
153 499
774 999
331 395
919 10
743 454
410 54
49 734
733 300
74 123
154 51
678 454
97 59
559 321
762 319
581 281
505 718
292 788
187 22
6 558
922 175
137 813
210 909
616 920
504 402
927 434
106 202
785 413
127 720
20 773
419 376
296 525
851 349
779 456
999 365
854 233
914 911
220 372
521 657
298 538
25 834
758 764
372 431
533 26
238 272
628 152
96 313
314 352
298 685
979 622
963 149
410 831
587 865
859 964
698 458
384 926
985 542
368 552
401 508
710 407
146 267
879 239
723 264
761 944
735 5
389 165
15 31
75 256
720 59
32 477
143 507
826 571
683 222
868 338
178 922
914 38
147 877
187 936
633 584
869 584
545 770
764 370
657 840
605 690
146 207
293 12
611 1
350 55
98 180
208 540
523 855
468 38
269 19
331 294
518 974
867 248
939 679
409 432
482 838
100 745
451 813
700 456
701 97
834 534
870 536
28 461
602 998
236 360
143 812
614 541
410 810
358 223
819 283
641 527
568 537
879 907
625 536
704 640
554 532
538 177
523 68
540 455
245 327
317 602
619 70
892 978
785 488
931 452
615 429
50 966
513 486
188 600
679 564
385 132
171 759
638 83
548 319
181 306
608 2
970 617
595 892
997 944
154 634
711 902
250 995
896 167
328 809
364 255
741 443
600 853
103 642
16 646
99 631
872 437
356 110
673 804
394 271
33 69
588 433
733 696
846 841
423 136
982 153
34 873
811 99
432 692
507 232
643 698
934 367
437 653
647 526
565 129
568 372
566 634
734 520
701 449
294 921
317 472
409 245
49 858
229 700
770 730
478 85
174 690
526 135
250 28
985 167
878 666
832 318
285 668
568 360
807 571
701 20
313 851
724 363
564 446
891 650
140 292
53 785
23 121
544 616
657 487
306 143
382 866
535 2
826 527
158 531
989 59
737 962
427 574
969 55
679 944
421 896
741 539
392 934
10 509
109 509
491 580
76 878
901 875
653 422
440 209
181 485
932 355
680 476
2 760
333 234
410 597
747 420
272 606
147 410
55 381
901 525
560 129
342 267
896 131
401 731
310 853
150 642
943 939
67 32
406 927
103 678
593 216
975 978
246 966
380 152
76 129
703 996
823 129
366 334
540 647
905 6
449 386
322 176
160 219
640 341
308 451
702 183
561 757
489 786
734 740
346 685
478 678
131 475
155 449
655 404
604 685
5 335
498 691
473 85
914 129
647 580
60 305
633 753
541 446
959 659
167 535
705 189
890 115
853 365
430 22
161 803
827 910
75 997
518 801
995 724
637 811
249 986
688 720
136 974
547 492
359 186
310 346
296 756
775 644
797 844
120 984
999 106
858 842
10 379
897 798
36 254
699 406
369 663
597 571
440 527
511 587
448 765
401 933
609 502
607 775
495 235
8 769
724 545
694 137
953 257
831 480
506 93
11 231
34 92
219 88
972 698
185 216
660 446
172 818
224 593
87 193
403 595
788 36
748 924
510 728
100 92
356 38
239 203
195 352
419 872
756 519
974 26
744 199
102 860
212 997
380 275
860 741
94 513
310 706
904 279
942 819
816 84
985 332
973 403
497 346
189 356
251 151
844 384
259 266
246 494
928 107
584 989
623 548
60 358
297 108
316 216
498 727
9 672
412 683
910 222
718 999
868 788
841 504
644 925
115 767
421 260
266 711
139 607
141 133
804 347
477 109
574 421
689 909
118 865
396 200
505 348
210 462
365 824
828 48
280 582
950 473
3 346
84 663
803 227
549 459
20 767
42 851
277 8
10 437
528 186
788 644
1 222
519 372
723 425
668 135
475 990
327 775
827 455
59 817
632 109
297 996
427 949
660 301
219 55
2 595
404 483
868 648
890 960
119 534
979 625
928 749
780 582
360 511
233 887
507 368
548 506
220 667
459 501
449 703
