874 2628
29 486
267 39
160 123
91 597
130 607
628 450
177 616
134 350
83 408
623 563
554 547
315 253
633 413
671 648
11 171
297 422
128 77
256 50
862 822
403 504
44 799
687 520
17 654
217 393
143 506
241 421
133 869
10 874
859 556
158 200
237 380
238 122
683 411
166 589
750 401
547 273
572 107
334 199
562 17
197 250
772 354
170 28
616 100
649 4
553 597
534 591
665 839
227 82
619 724
250 775
110 72
239 369
686 304
688 703
493 354
450 424
115 44
607 696
603 860
132 226
824 137
363 464
164 295
220 753
384 570
669 436
544 205
780 627
433 258
144 758
72 147
16 640
32 39
184 151
797 272
709 233
605 786
151 195
411 714
565 554
359 735
149 851
596 781
633 125
726 845
12 32
286 387
310 536
40 682
500 616
286 857
433 315
713 6
367 124
464 41
514 810
89 730
31 580
808 531
752 666
478 420
419 613
45 202
196 800
361 698
88 286
740 68
318 54
447 524
638 639
71 700
155 375
246 249
195 598
362 67
109 4
224 391
125 741
757 350
5 473
317 471
190 863
247 705
56 757
73 313
330 834
838 801
87 674
147 66
106 862
633 724
98 642
262 507
85 743
738 799
460 282
7 743
247 226
566 224
305 738
822 370
95 62
134 165
361 539
490 433
164 50
292 7
61 544
710 832
706 480
674 217
40 826
615 533
852 842
684 735
791 341
499 419
492 698
607 57
362 610
623 827
112 235
537 459
524 610
49 843
506 34
808 520
439 481
233 695
245 434
119 231
843 259
201 737
493 483
113 477
296 203
314 182
778 217
372 480
372 861
232 670
835 658
430 847
767 226
260 96
154 789
542 439
14 825
589 591
458 313
207 221
545 284
339 77
489 19
398 726
24 424
812 859
561 71
407 668
799 819
47 190
343 73
481 532
180 412
155 233
319 160
90 751
15 667
508 255
105 523
829 702
206 185
762 643
356 781
779 86
661 689
293 494
672 667
708 764
747 260
344 391
127 388
770 232
202 170
205 464
298 472
617 363
547 624
423 494
541 114
674 424
126 232
729 310
198 398
145 357
53 584
147 828
700 514
816 291
766 662
676 823
167 741
570 644
60 813
796 70
605 189
438 780
386 363
279 41
783 50
586 663
811 691
828 371
478 347
301 141
601 452
158 814
153 799
36 334
32 104
296 393
103 861
772 522
756 76
99 173
427 840
475 401
420 310
579 740
465 688
764 115
657 591
451 408
14 874
682 515
370 322
280 197
726 398
216 707
679 331
658 709
480 343
190 219
9 813
456 672
124 670
802 457
605 286
454 161
515 481
436 769
405 777
580 716
580 153
304 335
431 324
15 5
809 524
649 475
558 255
515 443
57 864
96 389
334 533
387 605
673 704
511 161
826 347
555 363
494 197
828 752
703 334
95 818
356 46
543 730
283 781
857 58
7 66
816 748
657 680
656 688
855 752
72 439
327 797
340 755
732 781
625 272
22 323
664 809
504 658
392 220
147 856
243 771
790 444
83 711
651 674
121 179
232 277
639 17
682 699
222 595
617 563
211 414
360 846
14 266
720 393
204 652
686 614
853 265
782 783
859 651
300 47
375 208
11 491
378 730
735 551
255 176
295 356
589 214
7 176
599 225
765 174
492 854
401 356
373 470
132 534
633 783
726 426
106 66
89 10
180 314
678 521
754 761
761 632
689 65
547 127
474 337
145 791
94 164
405 370
101 515
580 253
363 638
153 829
390 191
129 368
797 801
598 805
214 861
532 849
516 190
573 486
150 281
741 31
324 250
820 31
464 128
514 493
872 218
755 856
679 691
591 573
499 675
190 254
72 68
127 348
788 378
368 688
826 145
223 370
33 146
513 630
423 438
10 476
709 94
583 675
734 110
865 858
646 577
26 169
600 78
750 421
277 813
665 700
372 38
478 780
482 125
392 615
749 473
677 268
110 850
430 150
20 146
344 554
845 193
439 165
441 702
318 782
377 115
582 322
202 539
496 218
829 760
223 25
842 258
864 158
711 244
590 222
742 278
407 183
49 322
527 230
677 309
142 486
23 391
530 236
808 758
384 408
663 258
76 452
13 658
159 638
18 203
737 159
186 143
615 154
263 1
178 462
732 150
536 110
719 349
872 625
854 375
161 722
678 73
790 184
115 61
31 625
452 364
309 485
129 775
132 191
264 388
170 127
513 502
179 819
255 553
183 182
757 226
242 420
870 84
411 554
603 587
822 491
381 786
805 759
95 650
81 869
649 640
755 166
838 188
306 573
757 4
615 543
337 12
709 598
374 636
718 22
346 242
73 538
627 159
757 437
318 488
159 620
839 691
828 155
424 177
873 313
505 426
801 853
837 377
738 136
403 762
79 597
44 537
465 628
851 837
817 162
410 584
579 207
838 198
144 777
351 208
536 794
300 644
745 17
780 528
180 177
551 855
515 270
129 479
646 105
512 456
833 217
299 94
391 492
175 864
71 57
38 386
757 101
117 848
357 817
708 500
538 154
561 267
851 388
750 47
607 185
129 874
210 513
7 199
606 700
163 535
369 318
439 823
175 40
129 219
482 604
374 726
808 415
114 477
44 414
248 588
745 114
569 777
240 613
871 776
669 543
412 616
549 436
254 607
114 242
613 727
376 21
715 869
22 90
409 432
590 24
707 488
729 462
38 689
312 597
206 278
872 814
658 303
162 712
533 98
716 868
247 524
233 229
246 200
130 615
399 704
304 451
84 712
729 422
831 678
312 178
330 315
496 122
132 355
25 303
260 706
206 101
120 288
766 813
268 245
587 140
872 698
613 207
434 19
606 197
148 869
187 770
661 308
707 184
301 140
589 633
148 724
845 26
131 597
423 531
615 165
193 6
301 681
544 108
536 95
393 130
621 207
605 181
237 560
772 666
193 288
357 407
748 214
568 276
408 326
356 494
315 83
177 578
125 780
182 583
137 145
495 179
452 713
306 748
492 109
240 675
712 346
465 578
83 111
512 805
766 272
783 329
17 90
814 383
147 449
184 13
631 292
279 62
451 384
494 91
850 787
671 633
637 654
746 320
786 555
490 201
143 273
737 789
517 100
350 634
830 245
444 349
824 708
314 541
408 107
635 841
285 870
187 303
112 484
437 790
459 706
173 213
380 545
309 619
738 110
846 247
703 225
338 416
249 702
605 819
866 242
41 714
868 311
444 340
379 616
50 298
332 47
542 674
706 297
100 616
782 441
177 651
605 572
151 453
521 766
44 368
281 34
634 368
174 279
25 424
510 175
95 530
421 267
528 292
374 814
625 409
551 426
522 99
430 569
600 233
174 60
31 424
53 91
56 241
203 834
607 869
187 524
451 717
171 285
26 127
747 27
329 371
111 442
616 284
545 44
418 541
35 116
402 71
439 259
648 819
766 394
387 508
67 848
583 136
571 690
572 255
221 455
167 704
408 540
188 573
706 392
687 158
780 460
176 668
843 97
311 527
525 555
692 269
569 651
839 858
381 744
662 91
39 422
495 437
578 436
542 182
262 579
714 314
644 319
131 388
191 61
546 595
639 297
256 647
232 807
194 226
30 260
754 439
826 792
701 839
372 440
394 38
656 669
766 200
821 168
443 120
682 661
540 141
624 593
796 489
670 29
156 565
418 556
474 689
454 310
458 352
794 364
814 182
603 91
91 722
664 453
295 274
191 828
426 463
27 74
736 712
311 121
224 65
404 506
297 667
10 452
658 366
180 222
511 219
785 527
400 102
400 555
257 86
828 683
388 370
686 313
104 76
529 372
105 439
590 334
168 678
307 499
38 747
602 565
778 178
103 240
103 703
757 685
350 781
833 642
815 333
780 353
659 839
120 348
735 689
648 190
723 793
333 850
657 749
785 334
455 244
152 50
44 443
448 51
266 6
584 21
344 569
620 84
518 365
647 523
635 233
391 55
34 464
17 360
39 125
422 161
116 513
581 14
212 170
450 694
253 514
315 310
109 147
189 592
248 382
584 322
126 355
684 408
79 764
297 637
100 569
133 536
525 584
58 370
60 594
686 112
748 12
415 367
586 729
753 95
242 582
114 659
801 852
713 730
476 689
337 702
49 372
50 378
472 24
755 630
168 326
481 350
580 192
33 182
567 799
72 503
628 287
497 385
595 78
696 406
185 630
352 791
539 32
278 180
193 57
108 428
148 221
739 607
541 103
523 789
362 252
36 672
533 238
275 137
369 102
597 470
870 417
837 109
839 196
630 827
682 257
742 688
376 596
656 518
17 166
404 223
614 607
299 86
446 732
98 38
710 663
166 172
623 516
401 77
518 624
818 35
450 73
433 7
254 866
535 130
645 718
261 793
405 868
724 646
29 856
583 43
141 20
180 676
357 743
860 691
76 469
669 542
139 575
484 655
687 105
841 567
492 242
446 178
690 715
787 338
128 341
790 696
700 107
43 521
312 835
32 683
454 632
626 233
802 867
615 404
485 586
325 816
707 283
588 173
350 759
594 401
478 342
603 574
307 151
661 696
739 741
498 598
742 423
393 15
375 316
13 420
87 744
644 141
57 557
126 717
147 434
4 67
64 182
460 621
9 72
724 660
751 347
323 21
792 44
701 761
797 612
86 217
470 514
197 645
739 746
702 398
205 186
856 330
872 393
301 337
447 205
357 328
676 82
418 453
772 756
350 536
740 128
6 243
296 697
544 635
552 629
864 167
348 456
277 734
259 63
279 101
191 788
803 241
218 345
538 110
807 320
691 807
344 804
419 329
348 161
829 312
505 613
336 46
616 8
800 637
817 561
283 822
693 563
586 488
579 11
449 498
344 578
775 759
155 861
195 76
234 17
566 438
682 320
390 290
193 102
200 836
148 731
761 158
137 513
429 707
658 59
329 503
440 718
349 87
168 733
868 566
66 453
28 652
527 815
198 147
463 412
608 219
662 514
152 113
660 312
744 533
340 64
806 152
113 573
4 597
757 817
852 558
543 316
505 326
792 613
194 150
748 491
13 546
128 195
808 16
726 376
195 736
731 373
182 783
771 382
169 400
227 211
63 313
644 729
855 390
860 869
629 186
762 695
768 548
344 452
790 743
527 234
650 855
655 780
236 654
572 80
494 766
134 830
122 639
451 489
271 132
126 73
761 343
464 177
390 201
400 680
191 455
284 782
621 279
197 476
812 692
478 122
579 86
229 390
449 301
711 589
748 473
219 557
294 856
44 29
729 572
694 724
776 182
869 813
800 300
214 260
640 320
715 854
274 114
3 7
138 709
487 47
448 340
846 391
503 111
58 160
734 135
77 790
351 331
614 50
307 425
416 141
19 536
238 652
722 147
670 324
342 320
813 46
100 402
724 88
721 261
661 325
662 189
367 425
150 92
301 416
53 181
777 169
101 563
781 657
614 661
397 83
218 359
181 785
348 519
26 850
869 201
483 386
265 563
654 766
287 420
496 220
814 335
88 822
857 680
437 601
116 675
652 736
428 218
547 449
620 249
31 655
454 244
311 192
268 371
44 10
45 351
66 59
601 105
362 40
288 859
43 759
55 408
779 214
693 841
33 488
201 804
736 228
300 552
11 551
487 90
608 467
124 704
182 842
445 706
477 774
831 477
498 739
463 386
638 276
185 173
816 436
173 105
639 800
253 262
309 601
75 433
369 743
387 448
582 350
105 874
240 207
850 469
745 697
262 773
36 870
782 508
622 130
452 777
52 790
458 237
150 208
232 289
763 362
175 519
341 304
342 166
462 650
328 682
274 81
336 85
444 174
541 760
599 76
512 72
861 859
697 810
635 81
222 783
832 79
58 680
389 102
835 513
412 374
69 120
860 527
184 88
292 217
383 855
298 32
411 182
340 717
548 423
218 692
555 830
746 616
220 797
403 524
83 58
305 792
230 146
658 339
530 285
439 333
847 368
284 145
105 852
472 113
644 145
132 368
189 609
668 15
622 137
747 814
783 32
162 97
432 386
863 374
460 267
812 560
100 469
814 617
249 99
377 22
512 471
288 545
630 123
225 816
709 179
436 102
92 219
168 763
540 620
760 117
427 870
870 462
708 509
819 329
572 604
573 757
648 369
12 523
546 34
435 266
663 425
627 683
312 575
217 19
126 465
347 656
866 416
69 728
171 692
263 92
103 413
555 714
165 767
495 23
25 292
297 463
527 370
122 598
405 436
695 597
543 186
424 572
852 665
83 865
160 545
477 351
65 612
834 471
428 799
586 801
770 440
130 613
829 181
648 271
727 464
160 436
343 491
309 226
383 431
703 603
819 778
254 472
678 101
293 867
58 216
521 155
670 372
565 663
639 432
90 809
362 562
771 873
796 120
56 457
698 411
165 784
683 776
223 83
462 536
196 698
585 400
758 750
498 331
357 4
323 569
180 515
587 69
437 343
572 303
153 551
523 55
63 269
324 149
325 801
425 128
63 520
670 398
740 440
142 408
511 844
342 555
521 784
428 372
212 228
341 397
533 750
864 192
630 856
682 692
40 775
494 852
613 348
283 445
394 549
624 394
574 585
526 410
737 811
232 386
813 362
349 86
586 572
398 445
26 289
136 554
532 839
720 405
757 363
446 199
91 795
568 94
27 526
493 803
277 790
497 288
100 78
727 500
47 299
622 207
273 410
365 489
23 786
502 729
304 368
68 489
582 552
698 544
625 704
554 294
688 27
32 452
136 98
28 48
526 819
14 71
201 604
76 383
392 753
869 577
690 85
525 735
49 238
674 164
93 765
539 750
799 747
723 282
160 748
629 495
435 204
589 381
717 264
856 377
615 569
375 499
433 840
359 405
587 254
439 695
423 18
1 539
514 399
292 33
112 462
81 773
427 785
109 129
512 14
826 799
640 873
704 517
821 35
366 266
779 287
355 426
503 183
399 710
420 22
22 363
133 316
338 830
35 441
362 872
508 808
193 242
767 119
470 93
522 541
545 249
73 339
302 229
270 627
307 487
825 179
534 32
278 873
63 152
190 528
346 761
347 253
340 653
719 22
847 205
225 793
670 3
507 806
626 452
404 166
668 608
814 180
600 565
566 323
324 618
736 384
11 221
13 380
803 117
347 69
330 55
129 765
408 266
54 795
568 581
189 747
351 556
781 61
754 340
402 193
116 684
579 76
106 679
858 544
639 174
130 874
55 276
277 676
167 133
374 609
775 705
426 327
100 306
117 637
735 343
132 501
521 37
850 734
798 397
587 292
400 394
498 674
480 274
320 748
320 337
784 544
285 162
363 277
570 784
495 90
133 126
584 865
347 58
415 148
84 8
72 346
368 390
612 348
61 296
340 481
182 73
534 242
572 705
132 387
688 275
177 786
70 201
511 583
732 466
227 148
542 776
27 567
835 482
804 264
255 110
613 756
449 545
43 663
320 304
809 204
302 53
696 662
334 785
773 480
452 206
183 430
403 441
616 60
411 834
428 668
766 344
713 487
736 726
533 84
440 381
277 544
282 323
360 52
676 108
164 537
114 255
616 687
212 269
503 147
698 375
615 655
619 570
105 94
729 449
783 804
519 514
5 30
319 708
670 256
752 232
127 783
829 673
98 387
150 647
451 762
804 318
569 220
861 827
722 834
851 176
47 213
361 521
382 298
865 742
517 873
740 290
542 423
619 563
746 73
675 207
252 479
622 714
146 332
224 142
61 703
561 212
581 206
803 758
75 463
369 561
260 107
173 694
510 738
448 629
603 494
89 223
489 706
538 259
398 249
625 779
32 850
599 101
647 355
46 846
676 820
346 435
164 43
41 493
23 240
801 780
392 204
485 44
620 204
164 493
240 512
372 5
356 276
86 672
286 493
380 536
682 619
26 640
762 67
706 852
691 654
394 335
550 312
402 818
420 85
78 439
760 714
763 32
249 528
584 280
733 830
645 491
6 323
779 631
265 75
16 89
415 99
330 393
369 15
830 300
394 231
712 118
324 356
397 154
438 179
459 26
255 57
443 235
617 63
856 865
486 143
325 637
107 710
641 223
699 26
721 582
522 647
302 318
655 810
196 112
511 795
460 580
592 335
13 185
337 121
782 28
655 278
35 204
517 651
703 720
724 299
635 336
47 454
395 244
586 666
92 557
790 865
369 334
230 323
601 798
321 549
235 386
74 678
402 241
761 169
478 810
865 514
522 395
207 34
464 388
726 364
121 728
730 566
30 776
821 515
844 356
165 634
634 365
173 31
466 43
175 250
697 638
704 728
619 384
341 36
678 374
111 211
386 741
95 117
458 525
650 9
776 359
569 516
57 147
857 198
6 670
802 729
212 285
790 565
457 743
441 669
874 167
398 45
8 530
484 596
145 325
240 176
168 226
495 377
207 596
213 542
309 863
2 121
441 130
483 539
313 806
6 544
761 332
449 353
390 212
176 827
855 384
86 136
326 561
260 559
351 124
797 263
636 222
530 642
486 171
89 5
396 647
135 71
849 501
377 258
56 370
26 385
247 625
756 467
575 515
790 414
837 35
395 16
662 653
41 680
25 614
324 726
255 665
348 135
21 39
794 281
499 21
221 342
84 633
14 510
334 98
399 85
439 34
187 461
153 666
392 584
152 493
326 463
419 14
60 690
547 769
192 404
35 555
588 248
851 805
838 306
421 314
351 569
709 860
749 75
109 172
21 731
601 569
747 791
182 871
128 170
681 287
644 661
477 2
206 584
211 456
486 553
824 594
273 647
571 312
184 38
367 575
6 533
157 194
235 565
841 613
1 704
734 82
240 333
792 31
777 384
852 249
804 787
267 72
566 538
290 171
553 188
520 819
80 96
523 302
23 505
125 101
664 787
422 365
781 655
527 351
105 604
861 23
630 550
261 284
541 15
836 384
513 504
71 271
533 416
793 549
192 743
454 130
752 495
623 41
679 278
741 776
355 226
765 264
640 473
806 458
313 295
593 610
11 523
568 800
522 299
557 653
390 797
429 310
563 39
396 723
789 356
295 106
26 714
392 774
282 45
505 412
450 698
487 84
584 249
350 131
80 419
634 636
873 791
587 609
592 628
296 784
776 197
541 475
304 710
532 341
440 368
39 327
287 58
779 314
505 52
108 861
623 389
74 35
129 449
620 524
489 630
258 662
775 426
429 521
303 16
652 343
661 20
703 402
669 489
451 8
694 649
860 673
132 377
154 339
725 365
81 776
69 777
68 420
117 656
199 122
518 161
442 470
673 371
549 640
789 231
790 223
576 215
206 406
78 459
116 698
300 500
102 359
504 242
396 410
643 769
91 844
65 302
773 142
481 339
635 708
562 668
780 112
89 278
806 161
553 556
199 809
278 781
462 222
464 798
302 210
131 347
74 664
22 262
151 780
632 822
637 325
293 197
823 543
365 867
594 120
231 865
778 396
409 748
546 842
638 113
872 424
384 457
700 666
21 455
207 847
447 509
451 419
803 214
99 655
132 603
489 133
841 563
737 191
405 570
175 318
729 787
554 597
663 512
722 393
433 656
726 321
17 114
200 174
147 92
38 264
77 803
116 834
579 161
776 313
783 486
168 113
633 150
725 376
798 748
181 59
2 232
403 241
268 511
649 156
618 873
378 689
143 869
25 298
23 243
101 767
874 868
526 101
351 397
834 316
5 710
50 501
234 841
606 795
75 455
862 673
149 373
813 483
553 687
470 356
497 684
427 825
393 633
296 384
272 554
688 84
31 694
307 438
148 559
275 161
12 238
9 81
144 873
532 383
129 398
242 359
831 374
870 578
851 524
84 390
804 672
163 251
149 633
207 632
153 433
616 311
691 250
73 183
644 119
151 332
799 789
174 151
50 276
587 71
164 284
556 160
636 67
582 131
256 521
204 266
42 701
758 31
637 838
478 59
874 197
857 139
748 97
237 846
436 68
436 433
476 614
151 723
364 668
407 240
670 213
177 800
42 533
521 139
813 445
444 416
656 120
235 595
182 675
21 430
541 564
563 433
105 348
107 96
605 487
92 1
371 540
207 590
599 397
176 551
673 255
708 685
182 54
57 146
151 322
10 239
319 822
45 160
418 152
699 777
381 109
99 408
155 855
78 730
65 582
94 260
323 839
658 414
209 372
509 699
311 371
577 345
151 490
138 678
654 455
333 277
734 145
475 49
809 382
406 363
669 100
83 1
370 728
657 239
863 137
131 663
228 814
192 391
781 763
273 90
269 573
401 247
76 490
277 615
369 718
857 721
563 114
764 260
195 515
197 464
254 259
367 496
408 380
776 84
478 796
552 779
630 584
831 445
650 139
358 778
329 828
438 691
65 679
118 110
704 172
515 290
763 105
614 651
688 227
817 449
818 465
207 660
70 89
204 445
114 712
405 72
213 559
218 225
312 102
43 451
775 323
747 20
620 852
509 313
275 865
754 523
699 707
50 583
444 31
696 518
716 633
330 146
170 430
78 815
871 651
57 727
120 219
201 474
5 368
685 707
119 732
390 412
676 845
388 629
408 406
501 178
742 840
50 640
714 773
842 482
296 715
388 516
648 553
217 622
345 417
608 361
703 216
373 25
51 755
15 340
181 567
68 572
523 58
273 49
733 720
115 50
246 118
657 203
324 302
681 221
681 656
726 667
166 407
740 35
616 81
743 521
90 690
180 365
143 470
259 128
851 708
446 232
181 89
606 479
477 665
616 271
779 493
488 675
250 462
380 235
402 568
275 113
377 603
732 442
293 136
702 155
614 804
51 709
134 18
389 741
157 211
251 696
820 66
514 510
115 687
264 647
372 680
139 623
63 685
838 602
830 142
155 559
247 477
104 85
729 492
397 497
365 114
154 147
119 135
412 37
141 439
572 361
666 701
259 97
98 628
797 331
764 770
302 193
269 509
490 289
844 119
94 338
459 396
3 571
539 144
372 695
728 29
695 477
761 288
95 753
42 455
722 413
14 70
483 476
640 424
160 278
321 205
802 203
17 552
287 765
510 224
370 399
797 501
48 151
436 456
741 765
341 225
547 579
257 302
577 690
299 378
51 822
358 662
90 848
1 382
112 146
410 488
393 322
837 588
622 434
751 705
24 376
194 760
835 634
601 355
213 621
715 295
632 60
596 34
651 181
746 76
437 133
210 619
820 634
839 373
108 641
476 426
366 313
334 568
795 38
355 661
137 298
462 844
102 121
5 424
217 450
164 223
292 20
369 655
300 527
589 481
803 55
487 518
606 418
293 115
115 568
244 743
817 666
747 79
327 265
717 129
816 452
172 173
229 44
196 366
435 706
662 722
611 238
757 848
277 457
841 429
514 477
396 820
275 445
518 139
4 82
871 772
230 148
647 247
98 305
724 109
427 295
179 125
291 535
630 174
634 165
753 238
718 502
341 142
687 727
501 416
485 268
765 543
215 126
35 62
369 749
510 721
723 425
829 290
370 168
738 428
529 450
813 313
47 543
64 674
748 274
181 362
493 19
425 371
483 5
691 479
178 182
513 556
705 143
670 863
767 473
208 5
807 200
241 273
41 332
668 562
796 36
29 72
159 142
779 622
416 485
340 207
584 656
32 701
471 25
146 439
772 220
520 578
480 692
816 579
802 564
821 259
694 51
147 300
777 412
279 173
46 317
692 77
417 856
470 194
258 798
649 585
544 460
600 25
708 727
363 763
364 29
648 549
765 712
548 357
705 387
27 465
102 726
180 61
334 464
120 92
301 302
751 747
755 834
258 793
397 779
51 245
658 55
640 598
473 336
182 450
328 589
185 785
59 373
370 303
248 692
119 734
512 358
269 690
715 59
771 381
241 838
611 122
67 98
214 503
175 345
602 465
549 1
201 600
240 178
132 10
113 514
334 74
730 317
713 662
309 861
733 768
536 185
645 308
448 135
155 741
562 31
232 283
620 348
106 380
604 600
40 675
705 695
784 759
329 222
445 570
