1000 9892
651 104
831 250
671 397
195 348
68 726
626 168
609 990
96 759
299 298
691 988
213 288
674 786
267 712
731 303
713 872
787 497
973 294
223 155
958 74
530 309
677 546
704 944
165 286
356 399
854 154
639 656
164 53
381 972
799 864
946 404
237 269
40 855
627 957
443 626
309 891
297 492
606 145
682 317
611 145
563 210
662 666
466 339
448 202
122 273
710 246
838 59
303 472
808 122
827 950
229 448
126 891
616 727
755 308
932 27
865 232
480 74
27 703
880 939
439 170
784 161
414 380
309 586
989 248
245 664
339 479
983 926
548 169
271 514
285 883
314 35
703 527
408 36
237 131
465 469
860 250
203 729
466 953
582 523
771 744
665 365
524 400
11 303
488 16
108 873
141 928
660 176
11 444
161 15
303 372
309 191
688 280
742 943
947 565
820 813
42 429
425 291
560 290
319 859
621 327
968 583
808 764
845 319
21 973
319 680
506 417
470 332
330 755
204 223
994 330
759 78
484 632
536 553
330 735
189 29
118 237
635 53
66 840
305 512
605 661
951 905
364 101
118 28
374 394
531 351
952 904
922 800
615 621
619 886
467 133
689 234
913 995
817 61
749 779
887 633
690 151
283 279
97 241
390 564
729 500
639 89
883 555
956 165
638 259
784 126
876 396
271 422
129 431
309 605
82 137
816 222
376 150
763 770
15 847
839 681
55 94
132 937
629 816
813 14
68 219
319 591
550 823
609 489
868 610
582 484
471 127
220 317
537 229
224 824
975 703
744 447
450 310
342 264
150 428
474 432
233 71
833 767
220 579
993 709
600 929
893 356
587 953
760 907
954 728
412 156
772 684
227 135
134 433
324 967
826 513
5 428
243 689
541 234
247 201
268 594
694 520
352 803
663 614
812 963
155 448
88 797
201 514
975 688
271 414
130 542
260 141
299 929
505 244
749 425
737 545
701 198
558 561
248 1000
265 610
359 326
287 485
566 784
736 743
75 791
683 596
664 182
134 908
58 590
168 2
574 398
443 920
339 91
130 66
313 804
154 76
637 923
359 181
698 513
22 463
796 674
875 923
272 270
606 793
384 328
348 57
96 66
760 169
338 3
746 900
669 722
254 183
457 919
793 77
853 785
609 501
93 668
993 918
171 318
154 512
450 491
693 605
200 222
594 498
150 572
797 655
786 672
954 922
439 598
940 153
392 415
377 839
980 874
177 579
986 491
548 598
726 922
417 48
405 595
579 120
467 946
108 104
622 318
716 263
755 347
868 90
561 566
195 752
398 439
293 675
385 530
942 816
924 843
47 916
449 109
587 643
329 663
350 831
522 826
942 931
870 983
855 914
89 55
513 597
401 147
891 446
900 115
498 581
407 157
174 632
431 11
368 636
80 621
541 272
726 788
106 741
83 422
456 972
843 200
956 809
612 471
562 688
425 395
636 513
144 857
681 6
942 351
925 915
505 498
676 271
988 489
274 615
956 15
922 907
10 705
961 935
529 219
287 255
605 272
130 38
832 948
876 325
771 819
847 68
797 815
10 547
650 980
305 101
713 96
658 675
354 505
148 437
910 359
166 906
438 825
432 738
606 644
718 322
79 268
128 561
84 630
12 507
451 173
732 42
555 547
607 890
742 215
232 284
584 241
585 280
402 105
76 405
295 245
924 747
101 38
393 885
159 410
205 200
152 492
389 385
781 959
711 706
253 886
308 247
216 590
626 169
627 320
702 274
260 257
280 511
857 459
341 218
323 419
878 51
91 911
627 753
248 974
749 190
877 905
570 595
260 39
317 434
377 671
991 169
327 249
723 716
389 982
654 98
833 13
83 730
139 668
585 700
583 89
658 176
87 782
18 787
415 63
627 813
408 843
445 304
250 216
889 887
115 730
980 42
265 779
503 879
549 59
808 123
541 647
339 19
732 970
71 568
79 351
68 450
689 63
804 94
236 520
220 133
853 158
446 732
447 622
219 967
737 134
920 482
168 391
603 637
620 565
125 497
805 709
907 61
195 255
254 862
644 159
376 968
584 237
751 131
987 277
148 30
704 646
708 182
945 684
181 210
203 518
223 847
630 261
782 739
270 267
223 361
140 576
119 136
599 130
802 352
643 700
88 659
694 557
476 778
592 227
666 886
77 613
80 279
578 10
88 770
894 484
967 124
326 268
695 909
647 814
869 618
781 504
468 981
628 811
618 536
408 824
10 980
910 132
526 52
255 412
867 278
761 383
268 499
417 943
624 1
280 168
776 294
5 924
193 404
457 650
573 201
633 934
151 279
210 817
29 311
399 777
20 594
814 60
83 50
175 514
982 886
783 835
328 139
990 413
576 497
62 944
671 994
837 502
729 661
125 292
788 718
384 284
499 83
819 900
491 727
955 196
371 13
784 428
290 61
698 174
183 426
613 305
966 983
327 607
475 1000
812 489
745 26
678 340
664 16
665 761
205 144
388 880
81 386
265 203
484 985
211 771
472 513
308 175
60 792
869 458
800 719
503 92
66 651
693 60
192 89
13 575
108 643
610 605
493 951
773 5
613 838
963 683
503 354
51 357
734 746
186 784
541 154
523 691
325 543
970 452
697 644
420 997
442 797
904 42
227 501
925 620
947 972
515 752
842 939
183 518
23 441
260 797
889 349
445 975
672 437
196 915
822 891
796 985
329 310
202 12
295 985
19 703
594 653
331 625
739 332
960 111
102 444
528 291
990 351
244 165
705 477
373 327
671 672
231 105
75 709
463 362
868 999
379 724
417 503
898 382
516 689
426 623
524 228
263 80
283 830
340 965
957 818
837 268
254 918
675 361
7 290
780 604
103 631
538 730
757 450
876 964
132 450
212 880
11 455
927 573
611 603
262 724
467 802
565 37
512 223
894 947
551 86
424 559
904 281
558 194
820 149
223 54
43 852
553 613
691 736
274 416
916 535
655 2
351 146
691 273
963 532
748 806
145 149
218 581
381 919
114 562
209 782
528 978
726 789
395 717
69 510
288 379
682 327
60 215
763 272
692 796
17 236
376 275
321 662
197 491
734 2
614 628
154 62
374 669
729 386
468 338
71 599
572 88
560 688
776 589
46 373
870 861
766 258
213 642
953 871
348 111
479 509
22 488
7 380
563 692
893 645
70 420
988 191
917 373
495 857
791 412
45 90
177 418
654 652
569 928
417 403
989 259
153 393
228 971
512 704
456 246
963 381
422 543
258 596
578 833
446 659
176 245
506 868
825 744
328 816
384 994
629 590
249 426
690 962
750 822
215 61
842 793
381 201
654 1000
792 14
21 356
333 402
990 558
194 888
450 238
715 816
565 904
603 77
640 497
238 224
994 578
578 261
704 968
525 532
1000 79
985 317
233 544
610 658
590 484
942 845
52 19
553 594
166 47
868 349
134 521
622 932
346 611
810 210
908 587
191 601
711 150
17 430
843 102
147 735
92 917
627 812
649 946
136 731
766 973
412 568
541 804
291 953
607 231
439 273
563 69
800 401
123 970
426 995
887 516
469 667
37 487
993 17
421 536
831 785
84 838
37 584
224 65
704 219
478 730
374 923
732 233
344 730
590 763
253 359
353 668
870 91
344 392
782 196
253 187
920 274
498 258
229 434
655 682
749 743
163 796
457 575
495 83
867 139
929 437
298 652
360 477
911 498
223 446
461 321
190 257
462 554
599 959
398 338
436 897
879 159
989 811
459 352
702 444
959 87
617 132
378 400
114 229
221 806
955 724
668 491
859 368
734 636
240 480
479 3
687 558
700 423
104 271
584 569
994 328
26 726
78 775
302 635
752 282
532 424
437 940
832 386
528 907
981 47
457 323
316 130
135 702
551 203
588 599
558 906
304 585
212 66
620 455
452 593
109 582
697 5
279 236
339 65
66 667
467 372
933 383
183 880
250 465
628 744
116 988
267 394
675 281
527 728
253 893
625 650
699 399
175 441
651 480
124 526
90 650
197 854
970 726
497 644
611 728
965 337
234 237
327 824
988 22
99 809
206 79
547 519
693 583
220 319
422 551
918 952
99 950
224 222
746 211
785 789
971 762
479 931
129 738
217 592
986 214
896 53
950 376
589 152
929 179
267 564
630 895
332 22
216 519
677 646
627 315
904 382
388 151
877 959
470 511
57 842
20 442
276 556
151 912
298 164
69 743
269 485
34 618
223 98
80 500
618 892
692 27
705 857
969 954
553 315
751 568
826 865
494 723
136 437
142 367
273 12
95 309
905 455
710 274
253 733
535 349
277 573
893 251
156 718
139 946
314 562
887 607
374 694
356 901
909 153
515 62
757 127
479 165
154 74
448 931
16 103
511 456
421 976
261 779
822 676
591 105
921 149
6 977
462 55
158 812
380 644
847 128
530 235
10 367
232 403
233 126
340 966
290 239
33 735
58 115
727 430
500 652
807 487
681 791
135 298
12 567
16 690
290 433
320 820
561 842
910 583
986 489
702 485
100 95
467 948
124 69
904 960
471 720
385 653
522 966
247 393
194 55
936 529
285 876
289 361
678 717
42 608
294 250
920 693
812 643
118 414
838 903
624 575
513 570
695 726
133 217
320 496
835 435
883 103
715 217
860 774
60 498
528 836
29 393
606 413
754 400
890 905
761 468
958 286
652 605
874 861
451 932
51 30
658 74
204 512
27 25
445 298
908 902
265 924
753 729
19 621
459 594
524 134
960 477
249 10
670 844
657 19
577 324
795 397
482 896
447 918
653 39
418 632
715 754
240 722
149 760
959 332
5 868
286 419
412 874
456 394
898 33
40 329
45 968
140 860
604 345
288 919
689 253
266 774
660 458
533 836
55 384
594 178
441 133
133 583
300 440
160 747
430 719
426 354
29 775
79 827
254 514
510 616
635 513
366 109
67 253
312 244
510 763
225 889
211 826
712 373
470 69
163 571
971 480
186 516
748 726
921 255
440 135
721 266
448 804
708 528
639 780
289 486
308 390
421 225
12 887
35 867
904 20
445 108
728 376
202 302
416 862
39 532
922 600
63 121
843 246
292 368
844 645
271 438
23 480
795 75
118 934
321 704
342 702
753 709
93 380
224 501
792 903
652 423
249 38
474 837
662 776
466 440
465 526
183 924
577 721
654 591
162 665
71 715
475 450
22 501
562 150
61 648
895 366
92 73
2 865
367 321
131 543
906 667
323 229
784 307
72 229
93 849
920 275
247 125
480 282
44 123
279 764
253 43
626 519
533 201
916 199
310 210
704 617
493 2
483 570
521 703
159 491
223 548
760 816
890 995
742 832
285 385
966 888
381 312
423 55
445 603
392 345
285 50
803 685
293 519
739 555
901 344
907 763
731 415
238 773
878 461
402 16
845 316
947 724
820 78
568 159
255 555
844 116
645 101
423 635
835 395
393 444
531 130
363 497
170 278
544 503
606 725
527 43
278 831
916 959
403 612
633 729
245 227
174 801
105 900
805 65
165 994
402 468
389 746
999 783
657 74
16 350
679 761
478 266
905 644
709 374
106 989
931 644
880 236
754 781
907 826
841 151
423 610
809 789
353 989
172 375
724 196
466 84
763 662
469 815
988 241
628 280
809 450
153 38
652 56
504 462
327 235
443 317
854 857
600 616
896 377
91 367
236 780
319 278
647 132
760 110
394 40
506 810
747 408
367 59
59 890
225 598
686 453
580 200
590 97
662 434
901 666
578 569
155 1000
561 813
263 413
727 152
52 400
487 835
219 481
536 477
121 925
707 84
693 137
98 645
6 336
255 69
394 446
911 247
950 667
111 405
851 962
636 52
270 148
147 971
955 864
406 596
868 135
617 385
138 522
714 749
307 145
950 933
93 389
317 504
123 329
86 319
74 287
222 59
408 999
985 135
145 56
458 1
757 939
4 373
23 443
838 356
383 73
611 170
888 549
155 144
925 908
430 26
678 332
184 640
774 911
634 120
230 327
670 992
396 45
258 10
611 904
207 93
409 142
301 488
413 686
841 179
842 220
681 346
224 155
520 600
63 690
841 486
272 257
382 124
76 831
811 692
22 445
116 8
813 478
618 876
104 560
690 363
429 469
267 6
710 878
605 92
309 655
571 212
918 891
103 696
7 56
428 19
702 825
716 973
665 441
833 815
915 961
699 854
846 235
963 77
512 435
287 527
205 178
142 710
214 192
52 283
678 627
125 790
649 335
484 846
782 429
376 682
307 975
949 388
825 142
536 215
533 39
526 950
605 903
397 706
215 607
74 593
517 209
941 486
619 227
824 288
914 470
583 848
434 329
786 242
642 755
809 787
222 504
873 660
895 979
930 693
471 791
807 665
499 770
373 997
514 667
643 293
505 362
887 284
567 642
986 767
344 936
644 921
168 82
739 285
232 933
379 976
608 576
23 189
151 488
10 716
525 27
527 637
272 79
771 167
519 573
595 299
903 418
260 672
222 751
853 623
182 369
360 195
814 13
988 185
182 224
292 864
149 985
166 905
315 449
707 579
449 453
819 660
413 980
784 200
642 170
902 376
741 672
577 903
651 184
135 107
908 297
12 502
15 561
427 937
985 839
31 315
402 617
195 716
189 411
142 607
483 31
842 775
325 427
521 630
578 609
116 544
264 745
506 580
1 365
659 480
769 352
128 360
761 970
797 617
480 955
223 28
138 785
376 764
109 506
281 214
276 903
479 152
595 675
962 226
716 437
184 30
238 849
241 891
114 483
332 430
995 374
392 107
144 764
271 317
826 708
900 195
271 783
632 779
139 947
284 184
435 60
147 880
216 332
942 557
191 603
198 365
930 536
937 211
152 841
425 253
736 819
489 117
348 243
47 489
40 121
810 389
575 903
709 657
987 787
344 783
638 211
438 937
631 620
347 749
13 491
676 189
823 318
150 204
117 151
282 508
879 719
839 560
827 168
338 55
937 346
177 115
325 331
951 11
20 671
314 956
188 597
617 701
998 98
728 566
695 6
439 836
150 409
153 363
941 386
86 713
219 230
519 485
929 331
909 757
767 513
752 961
219 388
534 605
906 220
825 996
437 502
246 174
411 711
998 569
548 760
143 4
751 979
555 204
371 543
378 257
42 56
917 122
215 519
62 142
856 469
199 19
256 869
688 94
820 365
456 952
383 199
899 886
849 183
335 352
834 321
799 721
191 716
584 872
70 919
938 675
942 299
853 340
707 785
250 251
18 645
754 699
795 455
615 766
415 510
988 428
92 665
244 844
227 918
930 16
571 493
521 562
225 169
11 818
608 854
699 385
149 928
444 636
727 599
619 438
68 176
58 490
978 75
994 53
263 105
563 543
713 142
36 421
718 185
115 100
794 329
119 692
101 153
877 535
50 713
159 313
148 78
185 199
441 45
284 653
985 552
731 220
169 744
222 866
918 664
704 788
427 159
835 42
393 3
780 665
90 777
114 73
481 842
858 283
468 560
693 57
473 414
865 940
475 568
204 90
134 437
707 373
122 959
764 98
325 762
164 696
751 868
661 588
25 567
332 502
322 780
531 48
398 249
717 997
579 988
372 721
498 218
352 918
577 163
86 431
434 132
87 834
437 831
520 29
779 824
912 487
584 295
576 788
387 407
61 212
45 687
173 506
343 974
17 150
456 690
144 110
683 729
795 419
797 608
896 794
418 594
585 783
439 456
577 751
425 522
482 621
396 445
554 745
746 724
276 909
979 28
301 120
904 430
712 673
529 797
242 528
261 666
504 491
784 237
694 352
89 855
552 345
935 590
93 871
532 145
942 868
186 42
426 509
813 255
234 350
439 573
171 464
800 512
817 422
926 64
876 967
887 881
493 229
167 100
133 916
691 854
858 173
768 221
114 109
941 910
122 608
285 874
693 29
808 809
972 996
80 180
544 739
827 82
322 145
714 703
166 6
902 906
818 593
781 603
857 141
783 189
592 174
777 460
834 231
85 47
640 596
294 821
843 204
312 628
264 503
374 502
88 27
259 188
285 944
227 752
713 199
572 228
494 597
125 689
101 652
762 214
960 681
514 301
370 671
885 12
637 955
710 937
132 883
879 994
914 674
274 773
187 44
25 441
465 706
628 337
231 876
821 948
555 662
811 544
719 939
479 675
176 25
654 770
346 409
770 263
516 807
77 215
51 964
334 175
353 897
367 114
582 691
414 193
452 412
699 885
498 78
654 785
360 115
273 620
695 481
795 739
119 307
307 957
952 454
223 369
887 402
323 423
390 78
57 791
55 868
167 366
906 490
781 750
251 217
397 741
700 898
368 411
539 516
521 49
687 644
355 103
249 488
621 384
289 825
553 736
833 144
874 812
316 910
428 54
216 142
969 624
550 23
327 138
536 577
541 422
476 503
645 434
922 713
260 976
190 529
586 346
714 151
295 994
832 246
724 460
942 383
156 98
491 163
878 845
511 172
631 623
871 444
124 775
527 592
53 764
514 305
820 550
606 955
828 465
576 122
226 447
120 934
590 783
483 386
123 536
918 198
831 867
728 724
72 152
219 987
805 624
405 969
93 830
992 637
987 478
509 46
182 124
390 393
520 648
321 700
984 924
517 690
755 987
423 467
81 248
318 767
616 621
699 800
37 905
397 255
376 571
582 671
318 765
439 666
388 920
546 36
52 301
143 150
418 403
203 907
800 679
928 492
87 373
143 7
626 201
129 605
494 361
650 169
865 338
506 315
337 796
270 190
437 663
407 483
815 486
707 297
708 630
545 653
723 876
298 350
283 174
378 224
970 428
520 403
518 642
778 983
13 842
553 365
244 568
135 699
635 441
322 618
364 241
37 213
184 631
296 81
649 979
444 57
134 933
709 739
16 336
697 959
666 216
97 155
153 921
745 791
46 204
782 704
287 290
164 63
380 232
532 221
373 367
451 557
698 630
951 328
475 435
594 967
917 703
561 278
737 53
40 259
279 572
819 539
72 180
845 551
614 236
64 259
696 825
515 387
495 3
741 743
141 797
589 435
293 886
472 743
253 446
73 520
863 26
741 473
246 937
392 488
615 496
393 945
267 984
590 592
430 859
205 140
336 69
82 601
555 101
472 517
149 918
831 57
302 841
672 924
214 21
971 426
228 337
513 723
237 29
77 692
562 980
543 939
568 189
478 679
113 224
756 894
193 8
670 554
895 569
718 708
986 875
952 843
743 105
316 818
795 889
407 229
299 932
302 261
45 541
616 487
230 539
165 79
175 238
598 109
1 671
553 474
365 556
666 667
545 133
986 648
255 13
114 895
301 341
362 325
35 377
435 563
848 14
303 616
552 60
206 285
724 218
376 72
331 204
897 784
129 398
901 824
222 523
230 54
968 411
658 715
914 865
68 54
862 571
846 348
735 229
374 881
784 381
520 490
715 791
388 675
407 397
543 21
429 333
716 220
555 587
958 532
279 919
845 190
938 480
976 819
738 974
280 202
617 39
835 120
727 190
656 613
698 416
725 585
428 593
336 852
416 137
445 402
678 625
630 862
920 777
668 447
327 989
446 597
925 8
503 60
983 374
894 951
310 708
706 153
890 618
782 290
506 371
677 520
246 104
458 510
900 233
294 72
811 318
61 819
706 8
655 65
14 123
127 470
94 293
612 162
344 104
200 972
848 968
585 651
820 294
40 240
745 977
351 956
616 451
113 485
197 326
911 574
532 833
257 529
370 954
496 321
630 130
580 793
796 846
179 884
753 687
735 875
477 103
889 95
781 111
934 599
942 66
447 992
563 779
802 721
395 141
657 306
325 452
953 875
170 577
405 476
558 18
816 413
396 230
750 890
72 893
180 651
571 133
112 622
993 633
284 818
230 210
713 244
612 974
996 621
673 582
690 668
158 926
505 930
702 731
958 673
794 654
544 547
907 498
547 859
925 202
436 967
51 741
158 203
911 267
976 174
821 58
803 515
915 189
147 39
697 144
171 221
985 257
893 408
640 356
256 637
388 106
318 239
156 604
363 514
470 314
697 486
881 65
863 433
166 35
313 493
406 530
523 622
624 685
947 923
400 310
697 704
517 469
669 698
981 248
431 155
179 178
680 653
588 814
936 279
274 674
442 576
204 551
117 450
724 350
687 74
108 139
97 894
39 887
852 250
676 296
288 633
678 394
662 783
330 236
277 483
775 548
558 844
886 297
710 123
511 628
174 196
451 449
326 899
172 285
279 539
374 927
969 237
954 283
975 387
560 578
748 724
828 679
7 2
745 263
926 364
486 295
822 749
841 820
988 957
901 530
958 605
831 465
615 382
26 793
286 94
399 357
458 995
479 587
389 351
137 270
929 314
986 317
548 516
842 825
129 946
594 326
426 212
104 966
731 99
346 15
128 374
276 822
371 624
790 32
273 728
179 679
522 925
192 552
48 524
748 565
216 478
358 809
752 560
994 725
902 960
375 430
142 117
734 755
479 412
463 571
448 352
545 182
393 417
401 238
550 161
323 653
165 141
956 648
688 858
880 434
455 308
222 65
478 239
724 28
248 572
946 261
144 791
951 564
934 802
60 155
758 38
540 237
300 650
317 804
713 216
987 960
87 926
774 500
847 372
574 404
633 824
257 970
633 366
576 40
390 558
76 903
774 704
595 485
153 186
483 927
305 87
144 467
823 141
935 983
757 441
796 715
858 736
362 915
435 869
662 228
832 671
872 988
120 161
244 681
357 156
965 349
894 77
616 225
271 620
552 270
758 605
150 443
585 406
923 889
673 526
91 401
932 761
293 885
855 43
849 333
480 680
194 922
410 719
33 280
15 664
860 331
560 23
360 61
615 283
38 922
95 607
777 794
523 234
678 586
458 761
76 184
403 88
647 892
725 549
488 272
270 232
356 562
935 206
60 644
209 490
228 338
356 510
751 727
132 47
80 488
887 23
53 555
237 318
937 152
520 432
403 532
460 483
844 192
89 511
329 424
610 811
888 953
95 292
942 730
778 859
376 991
268 317
749 308
645 393
259 66
100 680
452 689
752 119
387 294
559 452
265 838
748 387
487 105
490 415
311 159
65 702
26 29
447 975
193 740
158 630
469 350
306 317
788 905
382 16
590 533
791 262
181 675
46 459
563 863
285 433
332 652
519 760
870 148
977 842
21 248
392 728
745 334
465 748
396 620
775 215
560 213
427 846
251 514
73 602
891 448
220 287
133 752
253 321
971 666
627 76
152 406
355 689
467 971
48 359
837 553
125 775
56 882
879 98
160 784
252 398
109 275
668 440
483 162
368 738
276 605
706 150
377 532
769 596
240 300
743 826
730 131
518 80
437 639
848 826
522 695
796 58
869 604
636 825
880 363
237 290
226 85
636 936
911 164
623 658
936 316
458 32
222 25
867 196
454 721
619 171
486 658
622 606
936 459
865 507
573 42
596 381
357 655
966 412
147 609
735 874
24 948
422 435
727 842
527 638
641 571
571 422
757 95
203 886
960 255
857 617
742 616
54 643
843 969
279 502
819 549
162 736
2 921
719 4
900 866
707 580
49 146
510 923
349 767
116 158
7 25
984 898
750 597
133 579
334 252
293 781
827 333
668 847
6 148
160 606
324 321
807 276
169 640
595 582
355 685
462 723
928 595
933 718
695 483
129 966
725 620
9 266
159 678
697 11
91 788
4 869
541 51
159 95
754 998
859 363
40 752
420 757
604 760
636 127
621 493
289 506
218 256
865 859
820 126
425 234
134 514
273 942
181 557
151 837
616 258
389 976
947 922
922 676
815 147
835 689
820 315
526 461
540 313
889 393
460 857
377 221
430 81
179 851
550 326
254 628
827 975
866 939
447 950
174 90
603 804
468 371
914 629
534 202
590 768
44 450
409 75
268 186
543 175
184 921
261 847
443 164
651 507
942 206
945 26
693 844
824 917
804 171
92 69
591 45
723 477
437 603
983 919
860 66
474 645
828 672
522 503
116 242
44 119
361 13
110 400
845 867
917 118
571 548
851 494
817 258
466 944
807 427
298 649
101 68
988 971
396 794
570 61
698 502
704 779
155 945
946 924
163 207
896 691
522 11
225 921
677 749
425 292
759 289
411 841
566 451
414 620
660 780
920 753
835 510
459 978
27 310
394 916
448 353
104 387
839 431
146 152
166 223
848 770
44 979
886 40
658 127
821 977
623 613
644 62
277 691
259 472
888 926
724 268
946 258
250 151
911 704
218 681
718 806
991 278
540 238
227 701
913 996
161 799
292 487
956 94
67 801
763 588
714 24
274 937
867 506
938 690
300 937
103 52
819 383
657 360
438 827
790 76
794 3
816 471
136 712
880 974
2 942
286 862
182 175
845 549
42 786
131 639
926 318
448 745
784 275
805 739
578 787
208 187
362 690
73 701
720 544
46 616
911 428
877 410
885 695
462 664
428 472
964 314
198 962
768 69
56 855
650 105
82 599
51 732
109 302
56 198
907 539
86 998
937 620
521 365
8 312
941 824
121 807
645 52
962 88
88 885
588 2
882 803
166 104
445 916
846 766
563 452
592 340
260 884
728 308
127 988
780 684
255 297
57 664
500 384
687 924
528 635
601 91
507 712
382 932
130 315
369 559
79 844
245 116
501 26
467 166
303 788
397 239
131 927
994 173
499 761
120 770
418 593
936 14
258 6
261 997
596 56
249 851
641 591
788 906
736 331
23 891
232 762
395 240
946 880
314 865
419 246
438 182
422 779
11 748
318 968
465 372
713 222
162 332
292 991
612 980
741 648
633 279
462 427
983 697
626 760
770 318
186 41
388 685
318 554
871 906
751 336
661 56
516 989
498 470
535 26
294 235
382 422
78 277
787 12
798 838
287 523
531 512
842 894
463 672
800 626
428 595
608 415
536 172
126 239
77 884
302 742
213 276
267 676
986 20
888 437
350 919
367 543
725 681
180 198
556 629
852 556
217 115
273 961
596 553
83 974
628 338
946 488
216 181
531 190
715 173
271 507
809 928
548 72
444 744
600 462
770 525
123 695
162 829
948 396
507 724
236 494
718 798
865 506
919 29
27 909
61 864
288 607
642 354
554 918
258 123
447 925
70 252
573 267
117 191
896 616
130 208
594 909
44 366
45 963
762 439
672 915
194 710
261 763
997 673
85 999
963 547
533 847
702 846
78 36
262 223
942 545
980 576
799 12
489 491
570 452
232 498
158 47
471 60
366 210
59 678
78 198
81 34
635 647
600 834
90 784
310 789
521 634
149 409
835 534
854 726
358 545
949 194
589 91
94 715
632 952
596 905
725 619
302 788
393 88
214 224
786 929
436 90
111 344
928 863
688 451
816 648
47 960
673 113
450 906
432 641
473 475
165 437
437 688
294 27
901 1
119 82
904 138
833 228
838 631
126 805
397 371
146 181
130 558
331 243
259 366
26 623
192 795
710 445
506 119
236 44
398 807
271 479
75 246
347 845
204 978
740 748
544 95
891 776
50 296
123 738
933 99
57 720
204 545
10 906
248 401
781 175
896 935
757 784
39 881
875 173
130 402
940 615
44 556
652 307
546 810
782 666
663 429
5 835
763 641
358 167
433 124
508 528
954 438
457 886
68 830
299 200
289 541
864 407
385 98
663 371
81 979
598 940
181 392
220 418
224 933
561 90
923 671
530 939
905 600
806 772
977 426
962 542
596 130
93 590
224 643
69 291
731 244
642 607
157 970
914 813
544 977
854 754
103 778
588 705
823 525
57 86
129 545
425 410
670 128
621 686
358 860
659 369
493 59
811 90
912 819
129 707
942 883
164 535
972 190
777 440
249 393
156 83
753 41
830 183
799 844
819 130
857 123
752 367
571 805
517 311
477 794
88 39
621 131
71 358
737 654
166 446
264 434
16 37
37 163
828 146
997 196
290 690
987 883
932 208
974 623
460 957
600 160
306 279
24 540
701 894
633 24
390 703
853 547
469 810
534 70
98 516
745 455
706 839
115 251
296 575
120 163
546 387
504 322
291 356
105 593
647 131
315 378
752 532
254 893
958 639
565 647
768 983
982 24
492 661
99 360
495 482
428 473
711 754
470 164
775 381
744 325
509 212
911 333
843 523
898 840
39 6
189 629
688 316
284 431
485 506
547 627
185 278
612 427
942 796
879 581
247 80
937 508
792 409
759 437
798 723
910 425
804 916
952 223
564 52
782 103
403 534
968 379
175 122
895 907
198 169
952 829
437 827
887 311
110 584
490 763
677 85
454 86
165 897
443 803
26 377
851 131
890 120
400 30
476 297
538 476
351 635
283 715
835 934
874 32
433 218
714 61
608 552
184 884
667 865
830 751
870 936
852 419
638 468
710 65
440 889
311 14
187 4
327 866
135 860
391 246
158 647
569 796
823 147
556 494
975 468
444 540
176 994
159 251
348 160
206 2
137 537
286 250
159 136
219 181
752 595
276 436
647 231
667 685
816 161
447 397
76 617
916 107
39 196
21 329
962 505
357 481
197 648
6 422
584 266
379 134
587 605
750 507
551 254
350 517
260 277
777 133
305 399
87 318
368 740
427 413
726 211
530 454
166 58
27 320
853 212
572 587
51 326
913 359
363 424
914 56
882 836
352 967
631 67
578 77
598 136
431 19
981 225
857 947
160 333
970 370
957 88
808 322
24 775
705 144
527 971
330 247
822 7
666 365
723 884
660 230
637 966
818 96
110 958
244 128
596 93
615 915
686 525
714 416
22 483
707 697
724 249
948 961
698 924
771 840
42 856
663 366
685 242
872 903
979 941
915 661
186 91
262 220
196 80
732 34
73 747
833 925
421 66
414 186
966 903
325 208
842 689
177 534
604 155
539 988
955 483
206 683
543 296
547 813
859 79
242 4
5 185
9 190
85 395
868 976
916 365
555 231
648 963
8 354
725 731
967 882
99 794
329 810
860 706
829 653
977 922
47 944
798 664
322 241
820 112
469 14
553 163
184 146
882 793
917 578
526 774
562 406
397 370
382 688
630 458
614 975
283 731
218 544
420 804
635 185
922 674
226 119
621 158
198 241
293 131
586 326
235 124
960 128
95 408
596 147
120 716
374 321
726 554
395 972
32 514
641 916
749 651
125 943
425 565
690 123
596 999
103 18
295 764
723 129
795 284
28 741
839 559
73 468
954 439
348 74
149 919
188 995
5 63
840 306
953 757
36 319
662 223
495 890
975 396
55 482
387 828
528 510
195 231
767 959
854 72
737 376
480 655
870 444
229 12
784 471
732 437
989 514
242 905
116 914
145 578
358 122
311 963
684 199
280 261
428 389
363 820
733 654
596 942
958 781
81 303
375 133
838 807
566 342
750 435
420 644
773 152
446 496
711 444
181 877
517 131
740 476
172 672
194 488
251 249
269 506
436 349
830 37
928 61
468 878
144 620
75 344
679 256
761 549
943 511
66 833
728 698
771 294
934 214
285 939
317 176
302 348
539 179
66 611
794 448
774 933
683 752
667 23
526 350
658 942
550 352
771 85
754 775
45 872
304 430
715 939
111 539
737 984
75 721
738 371
248 251
671 837
917 128
198 450
111 648
831 643
672 988
345 976
568 797
837 393
613 754
614 224
617 668
154 898
469 175
125 429
876 683
292 564
957 806
584 162
802 873
175 985
323 978
719 796
833 837
50 518
409 609
980 744
141 757
211 813
110 285
57 407
440 265
650 388
410 893
588 944
960 722
238 65
845 103
920 898
833 615
246 988
800 616
788 249
539 821
151 715
946 349
545 388
414 575
74 980
4 831
251 20
434 460
385 836
687 715
604 642
446 383
760 964
826 418
203 102
108 70
668 228
924 30
283 142
911 768
145 161
204 900
79 552
740 726
652 688
965 567
565 397
937 995
285 125
222 32
789 898
815 85
49 606
726 880
303 929
701 78
572 616
879 453
14 735
195 86
257 954
802 210
387 299
207 170
62 747
605 259
309 838
491 879
74 221
865 190
150 30
244 173
207 91
944 555
152 94
70 289
31 569
572 342
816 501
444 430
227 774
525 467
175 558
842 297
955 26
651 261
563 721
949 552
987 493
435 834
77 349
495 178
408 246
607 374
747 493
767 998
970 580
2 722
996 452
613 223
189 837
248 487
234 490
826 246
846 237
872 360
432 953
54 256
242 32
302 878
393 34
46 868
582 874
492 408
76 223
873 133
669 110
431 335
878 28
915 18
113 934
935 239
238 108
990 709
38 246
186 845
43 844
619 749
271 340
165 241
424 309
764 353
469 331
683 909
924 401
322 575
800 509
288 371
368 161
98 22
540 161
857 803
487 168
714 892
677 72
878 971
633 772
80 644
101 806
550 126
917 554
940 637
98 376
83 404
376 394
191 993
50 247
931 872
895 29
550 680
679 780
918 76
41 904
390 757
796 616
639 24
16 186
680 209
496 946
106 49
805 583
132 987
477 438
281 219
390 279
873 337
837 438
841 947
788 654
718 331
918 793
498 278
758 600
617 852
525 729
140 697
989 396
673 971
232 261
162 48
148 3
422 614
731 257
107 852
204 106
76 285
774 90
209 132
379 308
566 216
412 2
436 949
309 161
868 912
372 711
963 956
892 14
285 216
949 113
136 868
807 119
976 49
151 755
464 357
502 813
821 183
894 983
697 121
716 435
351 472
8 498
173 1000
318 147
692 388
14 168
296 461
653 559
781 634
428 831
455 447
173 239
243 993
744 858
448 439
363 292
364 123
240 41
182 483
738 46
286 970
648 495
299 881
458 330
235 127
684 824
259 159
106 992
417 779
552 218
610 48
26 33
947 347
328 265
883 601
847 434
279 422
67 612
710 910
145 891
664 722
684 749
395 58
310 395
329 284
978 97
428 66
822 278
92 247
497 609
885 446
362 542
489 453
200 176
128 189
55 274
922 475
489 342
975 262
261 256
962 399
814 596
659 405
627 9
555 292
494 16
600 975
747 864
826 273
786 899
91 885
864 563
886 560
36 702
309 376
821 139
881 400
613 809
118 473
501 463
604 700
700 931
863 401
890 273
528 884
219 45
435 30
760 978
735 235
916 983
8 204
377 307
929 580
148 988
903 796
925 560
365 579
979 443
463 202
446 924
602 606
805 219
18 767
628 978
785 799
294 592
541 753
250 372
892 811
430 439
666 418
978 656
335 61
391 383
275 798
809 442
844 868
432 105
687 430
926 658
159 1
36 348
556 411
291 946
528 252
638 806
82 417
582 466
620 673
716 928
519 455
908 870
119 547
154 677
287 643
224 673
543 338
442 471
963 999
642 720
402 845
350 559
483 138
997 141
935 202
497 474
642 371
134 431
313 1000
393 231
912 785
568 211
207 704
482 449
467 623
584 605
416 959
34 610
753 122
926 838
296 389
631 121
688 747
104 482
639 594
30 910
826 873
405 637
351 822
32 576
910 201
472 501
809 986
960 346
135 666
744 545
247 918
322 587
329 317
500 306
597 908
9 199
467 171
20 65
32 988
641 930
199 672
149 635
790 638
781 70
200 593
509 429
398 686
86 492
758 800
995 558
514 242
861 41
601 576
477 288
513 394
399 741
665 247
671 969
987 492
611 764
44 171
906 858
376 811
283 777
489 12
552 750
81 170
853 93
542 969
232 298
984 857
58 234
43 370
959 288
837 644
397 823
508 30
401 700
717 494
440 294
313 24
875 949
189 693
155 973
964 281
983 47
952 321
882 190
275 468
612 363
906 158
708 774
379 152
768 211
368 663
76 216
61 620
246 680
377 943
475 605
492 296
476 933
652 992
85 215
640 268
932 691
343 558
333 553
120 712
531 82
256 692
479 464
284 194
432 94
626 383
312 651
44 918
151 146
541 486
293 478
545 995
886 36
834 387
230 568
529 439
316 913
895 830
326 111
776 280
170 523
942 357
766 553
35 395
438 964
365 668
757 170
47 304
654 456
18 598
844 386
260 687
724 148
410 220
358 190
196 301
767 214
89 923
475 510
799 931
248 52
488 611
620 948
426 593
23 521
797 982
64 710
853 116
194 725
119 709
339 445
586 966
205 412
704 517
465 119
837 727
840 69
180 750
950 30
862 826
205 109
559 894
746 275
756 328
501 807
930 189
15 333
860 446
39 625
751 278
462 582
172 134
950 683
638 502
935 61
647 649
686 849
651 25
327 461
899 724
294 30
498 957
636 915
178 575
507 841
803 868
570 601
238 352
661 654
593 328
114 434
425 238
833 249
337 30
485 786
948 222
203 33
60 430
79 626
423 732
1000 741
677 265
914 173
716 225
437 224
848 937
944 845
709 632
183 577
865 426
296 123
563 149
353 382
13 2
783 546
352 690
869 173
524 658
192 171
156 526
953 936
225 16
230 515
788 990
370 701
222 938
779 693
887 908
176 846
585 230
192 207
54 867
225 247
192 504
746 947
767 859
783 998
268 449
315 482
428 67
930 92
328 119
36 392
366 915
651 221
101 366
357 244
485 282
113 592
845 799
849 356
76 268
746 228
505 818
59 711
7 799
319 25
980 889
436 795
989 689
171 30
580 890
85 572
46 818
858 252
364 517
369 409
811 206
5 155
307 927
290 723
57 196
155 723
997 376
377 615
195 690
507 228
588 139
369 251
556 681
26 684
82 800
284 100
674 956
470 347
753 93
807 888
761 698
995 906
656 703
892 352
416 771
256 892
332 245
244 663
564 467
869 912
690 818
252 630
844 338
187 561
403 620
723 614
657 429
856 384
88 42
491 103
856 967
207 291
134 927
908 838
946 145
896 902
126 433
145 374
53 869
539 34
889 425
67 805
69 223
72 589
144 42
556 661
95 715
862 404
884 756
481 175
762 264
945 344
412 827
770 133
111 549
311 39
70 330
54 847
58 258
352 43
405 31
758 999
707 627
525 318
803 164
344 703
254 134
443 309
262 267
945 907
512 530
993 67
628 6
211 702
309 341
609 343
846 100
258 533
371 900
319 172
869 326
103 581
17 886
453 662
789 972
668 691
45 460
711 751
287 531
54 314
262 855
328 559
937 711
80 48
528 45
602 221
5 75
34 641
532 128
168 553
494 271
77 733
762 608
677 542
806 370
703 206
545 228
677 495
373 664
339 552
963 546
667 294
812 837
209 792
531 279
476 518
807 578
739 408
415 677
877 506
395 119
260 549
799 464
452 717
783 651
219 714
439 449
540 956
804 9
865 45
664 523
295 535
667 896
119 883
979 914
265 41
859 696
514 21
132 880
386 384
797 610
798 453
68 34
49 914
426 484
410 701
398 878
881 154
917 170
741 406
928 733
894 332
773 802
941 741
247 354
622 346
825 948
717 126
848 499
584 269
324 520
678 619
646 895
760 590
617 433
800 741
950 639
609 831
264 930
29 382
569 607
200 788
493 913
477 524
738 657
192 644
959 884
431 807
327 14
692 192
807 657
829 441
995 945
609 943
334 923
468 23
450 614
255 457
854 384
611 97
72 679
696 481
792 948
580 775
698 726
457 124
19 741
663 20
603 328
461 557
780 423
926 46
892 963
552 538
490 15
552 30
628 297
331 885
814 898
743 40
305 146
382 384
404 802
97 272
172 454
245 648
836 877
953 591
201 466
132 852
430 613
551 603
435 977
106 352
882 449
702 684
379 345
149 596
271 833
772 954
315 901
746 419
551 782
589 87
320 884
194 225
859 241
697 14
920 875
81 575
86 34
547 524
53 219
471 636
493 996
461 275
705 644
526 922
756 781
624 675
677 423
530 98
437 606
386 704
540 993
445 99
799 852
231 406
306 170
89 393
352 597
26 410
374 442
675 811
468 43
252 962
644 982
807 522
994 15
558 628
151 38
84 251
32 918
568 712
679 716
294 554
690 231
947 300
473 693
995 554
45 769
174 95
323 611
640 470
586 39
36 68
575 877
546 665
700 146
480 53
852 341
945 29
283 978
931 818
325 307
954 293
756 233
3 563
764 716
466 139
413 944
626 28
736 85
384 479
223 777
685 100
744 10
674 279
954 615
589 392
168 656
426 444
394 222
91 56
989 543
737 494
392 499
104 957
713 581
219 412
137 385
946 921
619 7
195 407
649 943
531 721
346 9
608 492
261 32
35 972
677 744
39 381
518 456
51 485
103 996
15 70
255 589
436 169
899 563
743 1000
29 294
262 918
394 741
665 243
324 870
199 122
240 361
425 201
722 849
473 66
393 616
209 819
265 737
182 858
607 47
184 399
659 80
79 710
335 360
136 274
678 206
207 290
1000 992
183 693
649 549
870 561
173 287
697 817
331 735
117 194
745 681
785 310
727 766
733 255
275 913
257 238
119 878
163 196
306 725
77 438
258 752
471 130
737 296
974 47
720 679
147 661
110 433
437 143
224 820
127 432
690 561
55 737
119 466
889 695
233 827
253 296
275 442
594 292
703 922
704 876
925 140
780 657
643 999
901 141
55 903
8 686
319 786
855 188
113 959
684 436
133 90
428 650
216 939
414 589
239 565
436 141
331 81
114 291
977 999
961 506
292 663
414 732
496 416
294 950
621 801
502 53
194 378
514 797
240 228
204 903
244 756
51 12
415 535
416 671
454 59
771 263
938 740
908 916
781 354
839 172
92 599
266 724
249 116
57 718
718 694
809 250
666 277
11 616
144 23
878 780
296 850
704 127
406 139
671 661
909 224
605 177
400 816
20 633
917 757
274 793
172 332
500 65
381 268
563 677
694 457
110 640
384 324
594 821
801 735
813 469
101 451
466 192
837 479
642 223
728 122
773 513
259 176
515 857
208 206
567 27
418 46
525 515
910 819
693 417
519 769
831 279
104 870
142 584
473 609
695 356
955 475
157 149
360 31
152 721
137 473
980 925
507 65
532 803
237 216
411 647
216 493
401 365
990 569
385 820
317 305
299 330
1000 493
963 739
178 537
677 561
773 110
42 248
134 536
528 815
835 445
484 597
801 381
35 881
507 796
473 156
648 152
304 862
382 747
381 940
19 409
79 521
155 41
374 95
129 560
490 584
295 781
438 696
364 490
628 997
520 176
593 814
687 44
249 16
654 351
733 318
923 330
157 866
799 439
710 22
412 973
868 64
405 372
957 679
61 466
364 556
197 242
605 149
932 123
974 952
408 311
337 503
528 24
895 380
571 154
111 717
900 872
634 758
508 495
208 499
279 722
29 763
690 663
784 336
860 235
608 116
145 778
738 651
388 654
38 762
940 226
393 865
52 418
470 881
751 224
823 695
293 920
720 380
918 745
833 691
536 212
133 95
787 286
769 383
972 802
498 217
885 795
174 270
32 269
124 99
786 922
813 407
310 520
792 311
43 911
579 867
217 944
665 984
835 264
490 891
414 645
200 817
75 399
682 125
878 281
668 47
616 264
374 8
928 222
360 582
844 296
826 815
83 742
763 344
180 785
451 906
213 887
360 725
416 711
222 255
544 195
140 310
732 696
551 404
23 538
390 938
139 630
435 847
861 254
699 271
594 987
558 198
799 312
768 727
560 550
262 402
706 892
542 850
806 9
811 759
541 377
798 499
209 752
509 38
613 395
646 854
355 175
814 744
859 897
354 715
635 678
262 990
444 917
858 331
860 493
146 227
848 301
258 849
265 219
964 339
716 748
309 130
150 978
172 638
212 947
549 202
622 130
649 776
38 851
616 55
670 276
492 370
938 84
702 133
117 619
852 754
104 378
498 484
160 60
605 966
694 569
147 806
190 840
928 49
910 65
744 697
563 287
86 628
936 363
130 702
863 176
886 243
961 168
981 165
344 214
435 257
843 140
187 672
978 621
795 33
563 61
446 899
468 191
487 237
89 646
127 90
499 739
563 938
676 331
54 547
524 501
883 649
666 417
120 859
693 904
395 893
383 258
274 818
757 17
413 625
395 202
988 203
219 431
552 358
827 60
442 18
922 280
941 76
379 693
542 976
67 496
214 609
819 435
989 497
441 203
815 875
506 931
12 518
555 500
189 686
775 235
579 506
318 274
870 303
507 311
534 630
60 957
833 635
501 797
86 905
492 432
494 162
68 531
74 976
274 142
682 787
811 445
318 223
455 546
912 788
877 948
341 68
899 558
211 163
810 127
630 532
599 299
557 396
826 645
159 59
503 487
735 200
703 430
49 961
360 670
678 152
883 982
972 445
408 864
435 789
596 352
476 200
83 271
761 907
446 959
306 210
992 989
115 670
296 964
304 511
456 266
808 63
470 96
831 973
776 605
175 581
639 96
378 445
978 348
951 420
735 444
862 257
575 834
262 52
70 666
409 5
261 641
907 147
305 197
519 262
226 434
228 987
379 3
304 59
822 477
597 673
313 334
901 962
120 307
214 397
340 824
915 602
437 226
827 294
632 206
355 553
506 967
488 198
626 980
755 8
945 219
741 485
12 697
489 700
454 702
518 119
405 614
194 155
609 972
223 260
924 809
321 260
947 632
964 570
237 23
875 893
412 100
506 379
916 692
894 817
961 453
105 671
951 806
68 320
739 216
186 824
602 320
420 781
629 134
31 661
476 484
169 404
353 343
779 863
908 953
987 912
867 346
411 957
482 804
670 955
595 49
35 396
309 821
918 465
611 833
867 427
634 418
896 767
344 940
608 713
566 567
791 178
405 371
633 106
856 665
10 581
611 753
466 387
656 223
801 922
128 536
183 34
790 14
974 987
79 253
415 223
988 179
720 817
257 213
921 126
281 223
779 360
764 682
525 324
384 208
594 169
280 993
48 77
802 826
286 219
955 280
479 718
153 262
618 434
368 889
475 959
718 146
937 867
864 973
919 951
422 757
704 806
670 602
752 814
128 354
977 642
834 796
7 986
502 694
786 923
190 753
789 740
557 520
483 199
912 973
397 651
952 446
718 946
78 644
707 308
352 777
597 269
763 125
229 649
143 377
661 764
672 43
636 852
231 400
32 202
86 381
235 853
239 901
499 1000
942 682
394 944
913 96
398 984
611 159
4 311
957 119
631 832
28 429
742 135
787 552
369 745
26 186
573 873
671 590
265 822
729 377
202 475
517 712
993 444
740 863
689 987
687 176
504 223
16 11
419 86
44 441
410 319
832 160
359 240
128 996
435 736
700 172
277 205
333 954
196 403
295 82
325 305
111 736
58 476
531 427
244 391
690 297
671 307
524 160
746 80
536 302
96 357
428 458
300 407
910 1000
824 617
492 687
988 804
371 858
797 286
110 245
385 544
629 679
479 960
760 682
636 325
655 973
650 207
730 945
488 316
753 368
864 567
542 448
971 625
472 848
787 27
330 658
649 578
854 65
511 575
716 34
274 77
341 483
915 300
442 966
740 319
778 509
943 506
801 405
251 474
753 956
862 238
94 116
190 683
736 745
537 1000
293 162
114 961
439 329
44 639
374 678
14 631
808 68
455 995
738 157
690 24
286 599
420 281
709 413
522 998
914 739
828 381
936 188
616 991
301 155
283 944
196 503
596 804
547 172
840 162
571 50
720 648
542 977
907 84
655 658
113 625
846 107
538 856
171 337
119 575
724 643
765 105
512 307
971 758
223 525
716 642
902 235
320 851
891 428
986 392
42 480
99 273
209 337
411 701
985 720
252 465
471 689
420 677
518 426
467 690
137 157
964 598
627 692
910 496
80 337
215 394
87 630
200 842
113 159
612 183
316 852
423 528
782 105
880 327
208 785
956 676
227 480
736 774
473 928
493 605
614 795
635 348
467 318
38 995
240 964
792 859
946 176
444 564
673 742
97 190
478 493
944 593
602 731
361 737
344 977
953 997
644 718
978 368
634 510
671 663
568 992
475 406
130 199
45 984
136 844
361 259
236 581
76 675
709 2
529 932
159 225
490 200
257 121
976 639
884 24
25 197
330 253
135 120
987 273
436 521
399 391
906 809
796 30
341 660
513 217
401 807
209 2
10 117
928 720
730 676
656 719
591 433
891 475
259 959
851 653
232 91
584 304
171 299
237 214
680 393
203 842
848 389
481 876
284 393
911 220
407 461
299 332
941 789
99 915
160 246
237 504
627 656
631 168
800 966
201 607
952 129
347 713
866 347
528 944
998 936
748 795
788 458
749 494
496 412
226 109
961 230
890 196
374 93
486 571
326 464
723 168
792 776
633 670
83 701
869 806
140 268
362 396
469 424
342 686
880 65
843 343
737 712
863 861
406 75
357 695
128 763
516 326
610 41
496 713
104 869
425 707
335 64
47 316
70 247
255 185
202 311
644 674
801 921
676 19
453 134
382 52
112 520
511 400
188 981
68 355
107 271
466 162
250 765
569 947
828 660
632 13
98 953
229 385
202 971
349 616
922 448
542 809
615 333
401 771
788 489
475 958
595 993
778 131
360 494
379 346
189 725
760 655
212 810
416 272
603 43
793 517
381 409
475 860
95 671
835 236
657 764
765 371
623 149
772 731
275 101
919 660
359 875
699 730
829 647
189 296
706 242
485 653
200 819
837 422
94 692
540 845
27 290
801 287
674 519
807 801
351 229
786 92
515 678
772 31
922 684
852 813
766 879
968 940
735 912
646 240
23 500
705 197
653 71
874 564
66 537
430 494
268 509
191 947
694 889
767 400
897 516
828 116
81 665
61 387
287 193
714 127
384 480
644 646
168 343
810 682
926 552
763 646
106 143
487 318
274 863
980 233
166 849
922 147
101 392
604 305
837 160
783 994
58 477
103 383
452 181
309 716
594 138
902 339
405 217
508 380
219 243
384 44
332 946
793 128
872 647
580 216
48 505
176 142
529 654
257 323
669 414
284 700
251 691
647 459
794 909
420 333
731 122
17 699
988 587
315 787
608 866
673 474
855 149
507 11
803 550
368 723
846 968
816 683
468 662
929 908
751 853
783 749
137 241
930 558
981 255
277 985
910 450
705 790
977 521
373 640
229 684
895 527
382 726
170 282
982 341
485 899
402 441
443 687
615 525
247 905
571 683
329 260
572 320
256 926
23 24
649 985
692 985
939 350
804 307
334 62
494 909
408 548
465 981
175 306
302 626
500 249
955 990
176 671
818 34
969 86
954 482
314 773
794 11
837 87
577 570
63 531
128 779
68 187
665 143
131 615
270 891
390 464
853 782
432 38
840 163
591 190
261 589
353 548
592 780
194 608
740 258
38 689
81 210
484 233
341 608
747 549
396 935
163 948
959 408
779 238
376 609
713 614
860 499
405 576
138 845
926 226
52 267
551 211
94 650
789 682
705 551
557 574
6 332
100 63
670 231
484 862
116 772
990 974
383 932
506 357
35 969
40 593
921 1000
223 192
765 541
269 280
196 874
75 73
97 753
835 595
268 720
877 212
523 893
535 626
299 926
127 282
438 723
94 81
460 619
729 150
622 587
878 561
351 979
799 591
545 548
567 547
606 95
97 189
169 344
444 326
121 55
446 780
178 406
71 609
611 948
81 737
213 752
664 736
560 529
559 301
306 389
967 348
974 430
405 63
214 673
110 630
349 658
794 257
278 662
870 28
263 70
361 60
695 67
241 598
77 296
707 881
914 325
897 283
972 603
646 796
996 337
523 35
157 225
485 212
622 495
959 444
926 79
289 26
308 226
864 914
884 477
755 222
229 800
980 1000
159 693
555 240
169 589
623 21
190 85
284 394
30 674
950 627
238 833
111 445
311 329
574 715
592 10
798 566
660 691
365 339
619 624
433 563
70 808
60 374
408 975
528 960
486 568
13 136
415 756
435 202
329 371
147 574
645 323
94 651
745 955
815 119
178 88
732 727
397 186
878 973
938 622
335 466
631 416
247 742
554 926
631 668
250 425
783 747
788 967
865 220
508 899
581 264
784 38
274 888
115 922
264 961
35 125
491 623
334 43
745 384
484 508
106 74
215 380
953 595
571 12
590 792
719 956
703 539
465 473
321 203
99 876
945 800
711 909
305 449
399 267
422 664
884 275
580 116
450 369
488 36
108 885
125 177
16 651
238 400
424 844
208 163
746 431
565 873
915 854
534 572
483 376
485 426
367 970
577 558
869 308
941 999
414 633
626 43
334 409
965 924
578 390
834 60
997 464
856 540
639 819
87 584
40 553
947 884
14 93
716 143
297 47
325 985
934 173
350 788
23 390
151 205
479 320
762 940
304 716
268 367
921 627
995 830
361 926
692 966
785 44
92 538
754 651
780 133
979 274
842 38
421 697
461 636
978 678
634 452
802 664
359 157
533 536
117 155
905 885
84 852
880 987
439 186
427 594
317 730
35 771
382 416
685 207
297 790
500 811
330 871
818 496
451 233
435 903
12 465
758 702
210 916
394 75
585 340
345 671
394 218
937 972
755 85
495 470
615 449
599 988
690 920
38 628
955 516
6 470
320 841
926 135
566 190
401 520
845 461
86 163
856 986
855 148
893 449
289 179
971 443
368 724
649 435
639 838
881 394
94 457
702 136
686 993
621 456
786 159
313 535
207 667
708 648
674 552
492 19
937 905
835 519
438 334
566 661
914 138
734 283
98 105
142 268
787 985
645 411
505 458
752 69
936 396
168 22
683 745
122 325
486 802
843 150
364 394
633 951
67 953
323 579
415 115
36 100
461 753
172 356
482 716
965 33
306 414
309 525
789 275
37 542
767 272
883 345
393 627
656 455
713 186
932 668
38 596
926 438
431 892
180 572
769 105
129 202
561 207
774 901
347 218
519 82
498 58
890 776
45 455
765 472
837 216
129 916
350 646
441 938
315 961
321 396
484 968
240 253
237 240
823 617
863 588
938 277
886 743
427 280
967 235
394 419
915 255
848 42
522 935
994 162
678 802
368 335
276 562
647 605
262 517
526 854
138 575
412 942
678 957
568 590
150 91
393 459
346 557
593 548
904 985
192 859
744 664
601 49
606 290
520 9
424 126
657 144
832 154
960 463
779 901
279 344
753 696
662 850
19 716
224 330
973 947
120 779
563 907
395 781
642 262
753 521
754 802
849 842
576 14
5 882
512 251
500 222
249 858
547 415
841 190
236 560
534 139
727 670
749 878
328 214
400 835
519 754
741 558
98 544
375 736
747 341
840 369
806 922
36 382
718 374
996 636
797 637
859 812
290 225
608 108
111 907
42 910
152 194
353 583
501 547
875 582
842 645
319 207
929 271
180 647
303 349
453 885
646 940
338 5
103 757
342 407
968 834
111 222
938 358
149 509
423 242
673 243
391 592
214 221
930 258
309 199
816 741
415 850
801 23
220 793
803 832
705 691
668 289
830 21
192 598
711 274
344 452
208 714
94 272
759 6
725 402
339 715
142 170
111 720
23 381
830 887
653 742
981 233
288 394
662 540
184 587
478 173
260 992
173 577
49 627
529 425
804 741
108 154
53 823
395 120
260 631
852 233
191 921
767 510
309 818
274 599
690 79
469 648
693 258
398 652
75 513
852 463
391 189
619 76
35 239
963 293
97 442
867 650
561 331
157 640
974 841
875 722
962 785
927 61
803 99
625 989
629 829
794 354
75 693
210 157
266 155
290 5
399 485
145 782
521 647
719 812
479 715
843 913
864 849
258 982
815 914
11 79
589 193
864 960
902 38
104 981
177 927
329 89
807 159
129 988
632 459
837 900
217 779
826 503
275 103
423 657
152 666
402 30
901 8
939 205
264 67
926 402
394 714
566 620
513 528
62 159
127 511
716 136
882 864
249 211
133 432
541 339
633 751
953 272
330 942
830 787
43 591
139 652
50 289
36 796
94 46
520 193
45 602
616 554
567 757
625 300
224 387
938 579
615 713
909 66
913 903
155 204
186 330
554 627
938 695
357 570
598 616
505 271
235 146
254 434
650 965
776 536
121 351
858 864
604 143
510 107
883 463
403 999
867 266
234 105
608 330
893 209
615 141
201 497
185 980
239 137
306 995
599 761
780 821
855 339
802 861
517 678
148 191
354 852
25 812
311 316
730 747
756 315
629 563
474 92
4 557
759 533
426 219
392 327
47 649
176 494
492 584
789 660
521 494
260 326
6 358
869 454
816 734
234 416
873 771
730 956
824 313
825 96
294 173
796 295
299 377
303 337
644 371
447 843
152 613
825 994
122 334
714 763
217 1
878 852
809 709
632 820
27 256
730 321
531 144
473 216
75 60
437 957
866 257
630 302
388 343
619 571
748 861
143 719
278 354
300 591
536 977
645 410
352 455
922 817
49 699
353 114
201 960
823 589
377 135
250 383
243 625
226 484
563 991
323 578
13 258
371 334
11 801
802 556
287 52
658 584
645 862
704 310
888 467
953 537
625 788
976 662
666 254
171 692
854 875
656 312
720 651
390 97
86 560
837 280
675 245
334 330
331 585
498 424
831 510
523 57
444 966
103 579
994 840
7 889
266 437
417 39
401 602
642 568
7 334
617 192
10 545
855 202
583 769
90 64
678 577
539 781
320 709
910 660
893 484
507 41
700 888
989 945
114 461
646 370
338 985
941 814
873 904
235 611
252 323
872 225
610 621
918 242
791 512
702 165
481 551
354 303
696 126
631 118
78 882
672 231
692 234
948 156
843 78
61 5
126 757
177 398
862 201
13 243
643 324
917 941
193 471
602 573
606 93
166 546
730 137
779 533
925 783
553 224
956 235
652 236
46 103
201 222
330 442
701 665
390 656
248 31
999 404
927 459
819 722
201 175
129 410
673 686
774 554
617 727
653 359
231 895
419 369
978 32
876 647
521 815
698 227
632 99
478 959
797 749
651 626
376 929
33 320
529 699
270 663
495 408
7 204
674 459
314 458
958 665
603 448
481 267
522 102
6 415
933 672
695 513
219 328
369 91
367 944
760 596
744 57
15 20
649 822
754 78
682 243
703 155
86 139
890 940
918 938
796 414
264 55
601 13
899 536
903 959
307 104
79 532
575 691
52 732
516 34
433 422
353 363
135 759
283 384
66 560
786 281
894 555
204 646
633 780
492 685
671 598
305 857
990 152
496 716
944 624
136 302
16 35
879 896
183 905
967 380
775 581
444 475
14 989
826 230
645 773
376 112
712 714
489 183
92 116
205 691
850 168
154 851
999 265
952 592
42 976
168 555
285 364
183 333
423 290
546 307
823 797
312 421
243 629
665 359
578 960
744 488
195 16
380 12
847 497
85 545
800 388
608 454
315 776
241 287
124 120
788 185
940 396
404 295
748 709
177 888
877 999
485 369
367 581
137 218
179 371
551 507
925 131
576 749
170 402
99 8
895 532
640 670
844 470
616 269
502 118
412 362
624 808
17 414
117 293
853 465
179 190
911 753
736 705
79 665
325 249
314 686
114 808
181 926
913 902
736 559
629 476
19 857
508 699
220 231
81 559
334 363
487 315
291 20
699 371
554 658
997 634
120 34
747 143
31 94
345 963
616 891
36 288
174 434
488 981
778 916
452 176
681 958
150 427
758 700
335 613
746 92
124 728
875 624
287 774
860 196
789 64
43 290
565 681
72 498
300 290
130 169
772 900
149 451
264 691
109 103
627 446
389 905
665 669
234 40
32 302
929 16
358 842
218 201
271 65
899 680
534 841
114 422
756 585
351 407
562 850
502 769
89 366
358 805
566 478
109 97
458 427
591 825
56 386
719 35
548 953
522 739
249 407
764 306
322 349
720 465
985 400
326 507
65 485
598 201
446 682
876 545
39 553
867 184
639 388
253 713
308 574
648 435
765 535
190 574
311 286
945 448
139 393
692 587
479 410
611 925
723 823
960 131
120 864
656 140
666 477
443 108
945 162
802 557
72 850
219 901
158 863
388 416
595 94
867 709
923 599
652 47
106 113
489 143
641 282
864 77
771 907
577 936
561 483
672 836
631 41
181 498
148 237
262 157
177 363
654 967
16 567
746 123
668 920
595 451
275 339
424 887
96 500
11 381
487 880
592 884
115 257
246 981
856 274
467 936
977 354
910 746
858 219
753 391
864 632
132 366
670 234
203 819
527 346
382 546
510 219
180 225
518 313
588 806
511 922
728 481
657 987
108 259
385 972
237 554
817 961
770 653
421 59
478 36
469 471
745 132
239 953
689 692
818 784
981 324
8 920
841 497
403 367
711 667
37 252
16 425
951 669
779 532
121 52
486 972
468 335
409 159
563 826
323 545
589 774
366 641
3 339
923 386
909 875
164 365
418 838
461 868
357 851
399 530
900 313
295 413
564 922
162 434
665 25
656 692
196 245
3 12
226 753
564 548
581 742
837 652
217 531
149 394
47 723
871 669
163 546
406 962
419 652
298 967
619 796
890 669
428 582
232 95
507 71
798 795
503 51
925 396
388 850
489 850
697 469
277 941
276 720
800 986
583 833
273 958
471 951
75 118
437 579
632 877
670 627
325 994
464 958
984 133
123 723
839 249
772 182
847 530
369 631
278 299
5 545
134 975
710 366
527 940
628 995
666 704
466 346
874 623
359 485
841 382
313 245
735 862
601 615
841 207
44 466
351 726
173 242
710 889
983 673
235 313
591 693
888 413
997 581
141 485
179 654
715 960
475 359
794 497
764 679
510 921
50 929
732 133
751 411
36 412
257 89
759 892
885 417
923 652
175 811
270 705
182 29
58 39
167 843
750 720
16 639
327 897
831 305
464 161
119 483
570 794
482 294
570 45
111 143
459 486
40 727
501 815
820 949
687 745
509 576
366 59
172 912
800 681
214 255
569 476
40 264
630 695
316 587
152 668
781 655
673 14
209 552
855 866
968 606
346 862
26 848
929 853
252 644
520 278
316 937
522 716
209 703
104 403
554 196
914 18
290 792
494 552
958 347
21 782
550 1
109 815
383 208
330 940
282 526
148 331
502 230
530 85
1 673
93 475
22 857
95 381
226 252
245 128
122 445
269 912
553 29
27 866
871 349
714 232
641 379
274 953
939 937
33 850
692 743
790 188
791 237
633 9
944 748
107 350
35 141
291 23
597 543
301 178
983 570
396 714
326 527
537 508
448 665
470 602
401 961
440 537
101 150
766 152
516 777
188 715
485 834
797 724
233 951
203 603
497 890
78 297
92 792
909 271
950 365
56 286
845 121
369 256
890 866
835 63
637 247
929 166
824 332
823 518
479 202
898 891
42 265
842 600
751 992
717 144
574 875
523 475
344 352
860 696
699 762
821 771
18 48
346 677
899 585
147 812
938 993
208 526
649 146
415 939
877 236
435 105
809 852
576 633
339 852
527 198
910 250
235 820
182 861
150 556
972 407
173 630
800 224
623 734
375 396
1000 999
911 581
973 908
98 326
460 801
411 431
838 10
698 649
308 861
357 604
213 728
473 961
514 231
970 997
455 879
645 715
72 675
693 771
451 424
841 16
879 552
331 818
832 893
317 763
582 297
309 699
421 781
229 372
528 245
547 83
876 669
435 993
920 383
957 828
807 498
964 159
884 623
60 964
646 967
974 464
650 394
462 740
40 466
197 665
769 264
149 486
688 140
337 782
854 277
453 944
928 262
760 708
886 533
221 463
900 251
593 383
354 301
598 8
160 94
647 265
659 116
937 378
497 307
557 877
482 73
468 916
749 5
92 776
574 240
922 625
613 598
530 10
914 237
862 207
459 712
634 182
482 171
965 718
676 439
89 379
472 365
127 151
804 466
773 567
61 229
653 125
211 200
825 51
867 437
156 590
733 324
469 684
75 614
3 197
405 345
749 854
743 175
512 825
488 652
148 573
216 529
666 62
888 386
524 944
508 727
442 65
150 374
742 508
580 495
84 766
395 125
125 470
935 639
794 269
758 586
262 239
500 878
908 309
12 450
318 680
384 121
242 741
417 231
492 861
534 714
29 818
157 253
547 941
586 653
256 210
441 90
884 426
722 317
426 270
228 182
156 443
599 187
582 721
640 72
933 733
116 579
637 191
677 728
246 673
753 239
33 130
293 336
220 848
648 929
542 734
796 361
800 876
730 229
386 614
345 1
610 527
627 663
956 615
541 219
445 230
726 89
360 962
751 985
83 610
28 161
449 156
711 156
931 69
327 151
387 194
325 882
936 297
496 480
283 386
636 556
322 676
732 723
108 149
239 845
115 723
126 124
667 56
5 945
701 563
176 637
468 253
295 892
945 271
726 628
452 809
415 423
328 279
933 294
222 951
799 333
685 342
444 580
321 773
37 723
291 745
427 763
135 202
260 499
230 204
708 736
436 635
328 68
370 451
177 289
634 604
955 286
205 403
54 120
20 88
498 494
281 620
698 487
437 113
264 665
144 215
214 141
823 573
493 186
413 828
477 92
186 674
940 511
229 832
820 805
234 726
988 531
539 297
319 851
394 614
290 567
809 605
111 477
901 117
118 459
561 720
198 435
750 252
476 817
331 30
132 69
564 64
878 579
909 375
435 12
437 145
916 965
41 389
938 925
397 504
398 819
313 729
505 65
213 880
160 356
144 793
697 579
112 109
592 423
166 398
648 409
356 872
787 558
404 650
810 629
245 48
951 571
300 954
192 211
293 189
182 893
474 965
723 138
941 191
322 989
370 517
408 282
228 699
548 482
992 104
352 247
760 244
922 271
524 207
515 849
324 101
182 79
383 986
242 730
133 537
81 856
651 212
46 750
642 817
628 90
81 233
778 209
983 136
875 515
987 205
440 376
168 807
671 319
693 275
829 854
792 124
99 618
650 102
869 114
228 78
15 424
474 202
642 974
555 175
267 994
744 228
227 518
752 735
324 721
419 980
788 862
946 755
801 220
325 758
532 960
954 562
83 828
963 672
174 596
377 328
618 886
929 737
640 636
588 98
593 572
106 665
94 126
459 815
634 147
230 622
32 859
455 699
475 790
744 225
212 92
571 543
93 175
528 298
843 426
457 60
240 700
232 892
499 984
250 493
412 780
534 227
266 566
922 65
802 555
70 323
55 53
486 933
996 757
745 51
784 241
676 935
262 682
681 527
519 283
757 316
84 586
987 267
1 106
59 796
282 685
348 926
345 767
586 519
660 258
682 710
310 143
775 83
134 89
552 8
124 365
272 722
517 552
954 914
959 391
262 957
714 510
423 202
480 900
138 886
533 335
649 322
116 671
806 280
220 845
631 301
498 875
854 500
658 291
87 415
234 945
668 361
868 176
304 987
670 394
644 225
332 373
99 66
411 78
749 4
951 840
473 825
79 143
577 179
298 436
765 890
490 604
230 851
574 320
67 719
245 214
852 866
175 255
235 928
967 371
623 765
324 100
792 929
765 530
652 393
653 928
52 537
951 671
109 536
37 331
554 935
999 261
309 843
473 757
607 446
644 692
758 830
795 288
944 550
274 785
352 81
945 915
836 995
193 871
488 625
180 847
567 845
29 638
837 455
286 343
422 944
16 937
667 520
654 822
966 516
346 405
788 364
333 185
704 563
281 486
708 475
628 62
488 190
984 803
120 232
162 35
988 891
555 440
371 875
245 846
798 236
945 648
802 243
733 553
519 178
354 650
834 640
129 392
194 867
363 856
697 136
496 108
898 689
429 637
24 222
243 466
225 867
355 780
946 857
266 295
674 290
234 755
933 685
717 198
989 384
669 99
651 728
51 436
747 947
986 25
592 112
938 132
363 535
324 791
933 911
346 747
320 450
1000 356
602 472
243 56
839 469
342 855
684 399
834 247
302 449
978 982
752 340
697 693
476 588
304 805
286 981
145 11
350 476
724 329
91 470
545 618
322 677
396 156
696 490
127 138
649 913
240 998
338 399
448 243
781 15
787 642
524 887
211 84
1000 955
451 581
378 751
897 675
348 971
942 275
486 121
992 304
984 364
55 204
177 70
34 457
897 845
617 688
745 395
229 314
746 980
784 313
15 915
987 450
453 418
845 992
848 767
500 835
489 470
951 212
661 223
777 529
741 288
872 657
393 792
911 465
312 424
591 482
197 681
461 249
523 66
779 220
85 701
232 159
363 951
574 531
972 737
295 118
564 525
74 817
181 123
113 797
683 393
379 190
551 150
250 338
493 74
259 558
949 503
553 566
327 455
445 152
191 977
443 930
517 36
757 687
77 621
260 19
482 415
448 275
411 921
313 178
952 163
695 949
151 859
304 882
844 288
209 863
750 695
62 701
312 544
813 960
317 785
249 75
359 442
127 174
439 354
611 789
39 868
156 512
841 280
932 161
520 803
957 338
886 312
672 750
123 844
571 464
703 295
285 135
499 301
999 72
638 280
185 766
353 816
376 143
840 318
417 467
805 608
646 556
794 467
614 240
797 944
301 193
769 151
887 168
36 434
220 439
920 357
171 733
337 245
741 952
860 762
180 549
676 866
54 10
135 463
229 48
391 865
432 798
380 956
73 540
335 644
341 967
512 477
806 531
882 365
687 635
975 980
355 759
891 409
12 888
270 364
589 114
276 965
744 229
601 540
927 742
566 290
492 475
593 384
579 181
583 741
859 325
720 13
630 512
702 141
316 984
942 892
212 665
996 714
930 552
125 660
588 12
184 186
601 175
490 982
805 285
592 358
757 564
957 178
818 664
636 887
875 457
252 904
888 940
904 945
50 449
269 33
398 959
386 991
773 721
353 144
472 258
494 919
540 275
46 220
139 394
490 918
106 971
141 248
658 930
108 361
41 956
25 295
633 954
118 690
283 847
162 600
399 869
23 869
101 581
541 1000
84 885
163 126
736 300
719 941
881 884
870 155
379 732
710 880
514 7
570 735
884 3
900 808
318 937
104 597
747 509
550 856
183 257
722 53
957 826
798 358
878 715
858 533
418 114
590 849
924 648
941 358
228 917
581 783
450 259
108 811
682 598
518 240
81 101
68 869
328 714
368 535
534 526
439 718
43 33
122 746
104 17
587 940
76 175
242 131
774 333
66 501
359 856
30 328
327 510
312 45
864 746
28 40
982 425
820 60
147 842
630 415
42 156
354 154
887 484
445 49
339 562
263 992
661 912
587 488
964 898
469 300
250 130
437 782
338 537
100 712
952 953
352 645
633 884
634 39
636 633
287 353
839 820
843 305
476 318
3 182
927 811
207 190
321 527
859 729
969 491
991 440
585 219
415 82
54 694
681 328
116 491
334 422
686 59
379 779
41 136
277 14
908 416
837 454
694 369
734 126
290 139
2 823
920 302
241 429
673 586
157 473
550 836
623 317
917 79
556 257
884 150
494 983
814 697
413 224
772 825
885 748
561 238
420 15
103 611
626 972
685 837
502 563
492 541
447 150
553 101
812 328
427 234
393 46
67 131
358 902
843 546
489 687
552 789
186 639
526 533
825 965
255 959
644 416
114 493
759 511
155 661
32 472
489 855
238 826
350 784
925 314
568 105
472 190
736 987
273 947
331 197
776 86
939 386
440 74
7 997
786 115
554 215
627 951
294 858
445 454
61 550
654 10
748 161
60 227
464 832
304 693
601 385
909 456
919 873
164 129
844 739
956 213
614 649
961 793
16 392
73 201
933 339
26 30
553 192
828 478
776 609
27 697
533 639
404 837
187 465
172 297
802 293
447 609
49 50
656 102
785 390
497 56
667 614
651 349
28 948
968 423
478 575
534 394
811 531
594 161
279 741
864 231
495 75
98 803
570 441
366 220
560 127
30 87
752 983
716 626
57 475
574 528
42 641
663 801
337 827
449 400
67 238
380 127
937 756
938 327
955 623
260 367
617 575
775 440
959 47
17 692
365 126
147 55
425 313
9 58
691 562
753 221
699 723
540 725
673 508
678 879
576 737
513 514
777 398
356 421
307 219
492 37
934 84
946 446
810 68
375 749
203 427
994 402
654 230
692 861
455 721
312 545
321 725
100 804
785 38
606 142
143 916
899 42
538 938
91 989
73 229
782 166
243 842
349 16
296 900
188 146
656 164
748 314
572 8
758 871
762 362
656 51
784 120
914 759
629 250
338 37
836 804
874 243
859 762
353 358
699 484
84 491
792 630
421 790
426 640
483 881
284 870
180 951
788 694
883 240
756 98
404 191
390 126
837 303
146 914
76 599
438 362
591 336
902 485
86 664
984 796
604 221
133 825
85 592
233 837
619 576
727 118
432 637
308 160
665 609
958 830
137 24
527 271
252 635
151 555
173 943
104 212
823 362
821 159
215 672
281 906
691 703
263 878
674 947
950 940
536 912
829 277
740 336
118 324
799 941
104 498
947 854
566 636
716 169
303 999
902 722
341 348
143 714
757 932
829 503
631 911
283 479
467 298
729 131
412 761
37 196
131 3
965 888
255 24
563 949
126 271
163 259
961 626
979 391
213 741
71 523
352 748
442 313
398 544
387 728
228 714
245 308
282 302
467 230
145 542
755 206
662 5
862 88
611 639
944 282
118 605
106 125
16 781
839 663
608 983
422 873
24 264
600 635
983 840
756 70
194 635
211 587
711 962
858 530
909 694
785 872
626 598
846 115
388 591
319 209
586 660
91 30
898 568
723 824
650 393
890 786
427 112
300 258
910 639
717 79
534 527
901 280
688 347
318 490
798 912
124 77
90 77
739 632
375 124
547 609
114 454
65 778
372 946
565 77
179 318
592 37
303 225
855 916
92 924
436 262
110 902
597 205
709 771
907 839
545 683
89 94
74 266
757 535
577 177
320 134
14 398
515 743
516 52
297 250
300 719
407 101
468 513
752 8
36 849
45 669
836 696
818 927
654 329
778 79
372 815
948 733
98 728
498 295
291 67
20 515
153 102
784 64
125 354
419 231
175 674
732 189
55 392
883 315
581 960
859 802
857 471
401 910
219 131
680 431
185 791
332 610
541 127
798 323
988 885
640 220
43 255
65 603
963 62
779 755
397 956
750 282
533 496
8 741
426 156
835 248
764 178
985 651
379 148
307 947
648 981
756 542
939 86
669 97
573 390
911 36
494 310
26 888
8 451
126 937
74 588
751 650
632 770
905 164
924 192
446 260
88 800
627 521
294 968
104 458
35 712
143 669
679 511
701 131
938 823
196 861
288 384
904 842
923 38
672 486
32 901
931 531
839 138
915 455
550 507
164 130
97 865
317 892
232 920
356 966
552 235
457 105
679 690
3 149
442 415
546 793
230 278
857 712
514 315
847 429
244 150
207 2
429 4
983 701
658 634
680 222
554 699
629 229
810 833
271 515
524 87
802 593
92 113
303 178
606 357
431 105
279 631
267 968
827 127
414 21
419 481
167 839
3 766
963 252
581 821
929 444
599 182
552 581
846 171
996 380
686 528
524 411
413 116
806 757
551 263
108 367
426 225
693 173
622 381
695 499
897 440
424 962
21 736
61 531
99 704
778 493
138 780
470 105
91 868
761 840
130 730
552 992
843 862
660 888
539 633
612 17
170 196
798 650
749 168
363 501
425 218
688 720
598 55
192 911
783 227
277 708
133 666
861 560
172 27
240 102
286 823
344 196
130 323
597 999
320 125
729 215
16 358
415 358
781 48
295 908
62 733
162 820
191 955
443 726
18 543
116 270
577 308
525 44
448 832
305 969
123 846
841 239
129 315
420 494
684 595
503 923
257 888
605 480
174 324
666 228
106 425
713 135
628 54
885 385
730 217
615 280
840 30
73 689
2 623
629 908
405 850
941 256
505 830
271 825
648 688
105 369
396 778
593 228
479 971
150 889
851 732
396 66
530 719
392 341
627 389
901 436
5 143
152 333
725 528
727 105
802 283
374 377
548 747
455 227
593 390
77 813
373 630
113 25
226 856
246 287
462 840
446 333
806 632
434 429
933 837
721 491
189 181
28 117
781 401
821 944
804 393
679 310
632 937
322 457
506 154
293 216
957 33
979 473
574 649
424 24
188 81
634 1
47 414
451 737
88 627
144 151
329 157
735 232
939 888
395 71
885 33
903 582
301 496
177 162
286 604
857 512
179 556
36 99
789 427
621 658
24 619
426 835
903 471
483 910
141 472
201 37
343 379
913 528
842 438
982 876
590 808
295 500
991 875
728 561
214 524
694 282
385 200
974 58
759 800
116 806
279 812
690 597
474 280
651 391
579 343
542 873
745 99
394 249
488 212
363 992
604 162
522 253
544 925
742 784
492 622
204 359
266 270
270 334
751 915
937 563
4 670
81 261
692 291
406 948
120 540
768 371
310 718
78 602
942 815
100 182
513 545
769 607
40 601
795 987
449 27
344 495
770 484
900 118
4 67
547 512
705 970
247 839
764 339
714 616
291 697
80 616
299 918
589 677
601 58
529 309
568 429
397 61
331 313
486 145
372 150
136 313
901 889
790 431
738 84
597 927
527 964
913 944
349 38
192 239
446 820
583 301
454 355
278 989
600 139
943 997
274 780
421 971
261 870
172 327
802 586
457 831
79 144
525 342
897 962
286 346
560 879
128 852
92 29
178 859
718 377
222 648
797 630
82 479
854 905
466 838
177 313
362 887
2 676
499 178
542 826
46 549
987 153
440 324
137 740
690 968
51 874
309 46
699 890
65 602
854 730
911 257
894 715
310 904
794 973
930 285
751 951
226 574
326 409
746 188
48 630
285 887
146 415
40 678
518 399
227 216
579 143
660 724
973 443
846 699
151 963
762 702
655 705
473 233
809 775
347 704
227 438
620 754
921 750
630 360
354 234
835 708
415 764
587 103
18 790
682 305
403 944
188 426
573 446
501 93
763 294
785 56
234 414
628 1000
224 510
48 412
5 957
120 703
641 921
917 572
909 168
514 547
453 252
145 699
643 68
457 249
221 112
538 178
792 880
231 955
123 786
951 386
475 461
684 767
867 691
894 216
988 133
456 14
79 372
694 851
120 123
626 962
376 229
763 979
124 579
729 807
214 295
561 46
686 386
485 30
909 620
953 452
870 292
662 300
443 486
436 997
364 266
105 366
772 799
993 564
834 624
462 689
555 310
315 913
406 11
914 408
750 311
346 57
272 940
587 630
345 327
933 590
290 704
29 165
13 736
986 248
203 254
510 974
369 202
646 316
26 861
9 905
542 381
503 131
269 455
507 836
894 848
146 18
221 974
132 65
812 995
504 702
343 521
144 639
243 479
754 334
975 918
279 293
619 596
122 228
964 949
44 297
568 619
661 883
48 671
526 51
765 831
269 58
71 370
682 277
477 951
938 699
939 654
433 305
161 770
3 99
403 829
960 14
27 889
545 740
219 657
81 656
44 540
447 929
504 233
426 876
832 999
559 380
708 933
528 480
896 580
898 238
75 691
719 122
483 994
11 907
174 325
33 951
15 835
382 424
917 419
756 253
918 836
499 76
449 807
858 653
897 991
58 85
811 625
387 813
944 94
966 579
716 946
788 295
372 484
232 367
474 436
592 107
534 770
640 133
713 625
561 653
128 425
55 518
994 814
497 206
441 689
669 262
357 341
933 839
263 565
191 763
203 956
431 303
479 859
685 540
834 886
195 272
131 823
989 934
544 719
268 967
749 250
588 184
402 125
868 152
579 839
906 445
655 26
554 395
170 368
961 411
834 139
268 549
17 483
606 447
334 866
235 528
654 81
580 484
107 743
458 6
294 864
245 254
562 656
17 13
848 529
279 133
541 594
209 969
141 100
566 911
44 625
852 40
16 466
805 862
53 921
810 740
244 856
390 540
343 532
948 874
201 43
554 737
873 16
253 775
605 210
823 159
291 54
720 868
67 735
932 777
673 675
211 732
637 462
149 158
262 151
923 843
889 114
50 757
756 111
186 405
495 397
717 508
55 757
775 220
30 429
626 822
493 237
590 229
205 185
680 764
134 383
686 696
356 59
285 225
859 132
238 195
129 541
813 251
613 925
116 667
903 64
797 70
138 965
161 428
548 776
40 715
954 611
578 343
507 159
809 665
925 339
378 160
655 126
492 216
493 817
496 27
276 681
473 946
189 216
799 899
764 364
341 397
435 72
958 276
464 968
172 191
930 813
718 992
865 636
368 180
460 668
766 940
914 377
882 507
525 145
586 385
920 36
554 931
482 902
28 542
240 732
774 771
136 999
567 651
853 614
602 806
119 977
435 356
693 866
408 691
497 761
850 191
291 419
2 818
721 682
22 305
405 183
559 522
858 581
909 583
278 542
586 358
695 203
926 830
55 680
24 4
150 708
586 694
589 213
612 650
498 86
194 895
414 872
807 243
422 258
966 837
467 842
640 508
682 875
20 278
284 387
181 773
55 876
574 804
242 309
961 289
688 423
89 158
768 463
953 13
455 59
422 128
998 983
583 831
308 303
131 302
648 132
709 997
468 949
114 605
703 503
942 661
572 402
701 242
648 482
725 822
799 645
636 553
880 123
890 733
28 499
879 792
165 806
460 870
961 911
926 939
432 375
236 765
244 144
451 470
178 258
474 925
990 445
500 937
637 568
372 509
862 635
650 523
638 194
197 792
571 7
954 133
721 662
205 317
900 514
929 449
50 554
303 444
91 442
54 34
220 350
152 38
462 263
432 886
509 888
147 493
384 969
42 765
115 417
760 810
300 309
711 789
638 783
752 970
402 741
535 865
846 216
522 178
526 730
727 111
582 822
234 576
753 496
589 74
21 750
540 562
8 643
385 875
467 870
428 544
413 404
790 974
320 516
359 925
30 647
181 793
945 229
977 906
248 998
798 648
303 298
345 96
33 931
339 638
322 368
485 772
324 63
217 94
562 538
599 277
53 625
55 118
39 514
112 98
240 951
629 157
6 393
952 214
396 188
325 226
622 520
495 726
576 160
350 335
832 218
686 204
853 316
761 470
841 284
477 88
461 627
945 302
230 304
257 876
213 703
197 218
714 500
201 159
166 847
840 290
55 93
873 318
230 237
162 389
110 567
310 53
193 233
205 289
625 11
677 535
129 229
37 980
422 546
918 935
817 304
216 12
612 755
424 510
485 275
515 494
916 51
632 384
945 549
158 282
111 286
869 462
671 244
310 736
441 887
212 566
51 496
125 575
311 802
423 912
190 997
873 549
473 183
570 527
833 215
265 643
359 615
17 482
53 548
122 182
791 730
743 765
302 509
361 839
970 299
239 930
847 547
98 126
83 654
529 657
601 77
378 990
573 15
539 131
151 89
227 687
984 498
966 198
743 304
581 405
361 754
857 661
951 295
844 949
495 603
188 177
267 290
322 907
783 810
476 116
849 758
645 821
542 659
581 183
361 300
841 26
239 471
98 533
742 458
373 413
858 767
729 749
128 842
382 453
664 940
442 38
416 465
281 547
915 733
861 361
220 407
239 181
653 949
7 83
484 268
788 452
917 152
612 512
205 86
794 725
834 670
318 655
798 245
67 397
380 988
452 433
920 99
686 590
263 395
985 515
881 754
272 870
129 263
149 480
651 802
246 915
246 607
836 344
998 718
506 760
953 244
55 779
955 793
928 139
838 898
160 229
325 725
324 824
735 286
972 124
810 99
189 358
411 980
566 556
859 466
143 277
593 642
354 150
482 67
891 997
490 566
821 914
329 460
581 291
44 929
999 163
579 576
2 348
302 812
813 516
351 965
484 951
183 780
610 24
370 789
540 408
83 392
265 891
782 688
145 733
199 348
136 1000
525 114
413 696
89 904
805 962
573 358
850 301
559 311
999 396
250 637
606 758
232 635
358 495
201 288
844 172
442 58
650 743
391 903
851 46
958 697
261 407
867 964
836 29
584 206
950 13
882 463
868 654
618 469
877 584
604 128
169 665
85 166
260 426
952 336
419 693
919 788
780 682
360 155
158 338
604 934
381 635
328 633
185 464
741 203
464 361
216 506
342 142
678 756
350 901
901 27
61 750
762 589
265 505
408 734
69 803
674 903
877 908
95 979
132 111
190 957
163 11
360 968
829 346
815 283
604 268
199 966
147 731
424 436
278 435
781 296
514 613
515 261
1 862
358 449
943 52
912 296
676 465
679 734
810 411
614 653
64 105
743 491
891 604
823 435
680 931
663 42
171 808
5 972
728 943
233 503
32 614
793 885
886 320
175 621
288 847
366 676
758 910
118 617
238 938
448 517
837 21
750 782
475 380
908 320
927 36
823 119
312 50
756 10
784 263
202 923
275 690
10 141
927 858
263 967
767 539
203 692
257 380
332 784
55 464
975 590
959 373
851 596
634 844
998 293
945 687
655 588
837 617
396 865
699 920
683 383
150 848
690 692
546 45
219 145
752 858
570 167
557 900
392 672
396 559
294 190
207 875
915 553
416 40
333 621
941 878
694 558
902 603
1 920
131 269
133 423
605 663
982 695
344 199
569 630
813 571
761 378
464 800
611 792
670 684
852 22
46 636
636 701
679 851
421 687
475 442
292 220
442 289
813 366
707 759
743 237
679 945
492 328
261 700
600 500
487 640
969 676
477 490
763 474
559 604
619 321
124 609
787 535
519 322
958 742
577 885
427 874
621 856
965 486
750 516
716 940
953 486
419 414
738 672
9 414
120 375
711 875
656 755
932 576
370 195
868 838
923 911
986 265
357 703
699 932
955 542
411 572
712 313
659 274
753 403
626 867
994 927
488 76
245 4
392 223
954 780
85 446
858 126
894 912
345 453
165 502
57 977
330 646
111 511
78 748
743 798
123 453
108 279
824 32
346 684
691 851
810 559
26 558
602 413
217 185
437 900
576 624
23 335
298 474
870 21
84 335
965 578
787 882
22 909
61 105
814 409
449 295
947 114
109 925
79 837
217 452
201 975
957 256
356 921
244 169
866 858
233 463
123 879
676 207
595 505
53 136
45 1000
75 320
957 595
465 381
227 874
445 787
824 836
783 971
110 609
538 906
367 1000
266 201
336 986
914 695
966 530
932 646
612 946
27 485
280 37
520 93
617 796
712 1000
347 31
601 904
578 913
501 974
488 215
742 791
603 214
817 428
745 533
809 510
587 978
471 359
474 57
238 86
699 960
994 816
538 590
791 314
272 294
946 943
108 966
308 128
694 947
228 511
695 677
627 275
575 83
845 79
407 445
834 971
764 392
123 112
514 973
657 548
40 604
38 251
627 597
283 224
503 325
195 556
164 549
56 277
645 195
83 572
456 970
952 975
644 13
946 609
524 619
248 620
959 692
377 72
130 262
259 182
231 835
634 32
282 253
504 837
126 476
774 886
922 909
248 330
727 946
801 792
624 165
275 606
444 456
728 835
307 204
129 352
689 872
488 631
175 569
281 206
444 558
763 968
604 460
475 128
24 360
280 914
84 628
15 554
168 711
812 144
814 706
859 855
897 182
876 651
579 308
281 409
210 465
764 1000
472 728
660 147
935 299
774 111
483 504
946 960
393 960
525 791
530 643
289 23
646 655
498 167
595 559
265 747
939 74
8 376
138 999
536 814
494 314
385 774
616 124
464 761
462 788
910 488
345 10
109 33
379 462
134 522
37 989
605 769
307 194
114 712
435 250
671 183
377 266
195 134
805 464
763 330
601 27
292 699
489 357
348 524
425 813
411 334
469 444
454 416
387 489
960 37
984 427
268 92
124 735
41 878
405 277
64 409
232 811
874 486
861 236
737 934
442 266
650 983
813 265
226 421
129 879
350 619
392 450
857 637
366 677
921 216
707 683
376 121
55 123
591 37
689 229
121 427
675 86
915 679
509 20
264 444
789 194
828 680
958 715
708 149
188 719
797 599
764 558
211 662
584 156
401 878
254 856
920 190
10 138
828 551
968 826
771 745
630 7
203 516
405 528
224 633
262 895
46 806
285 54
397 988
289 4
739 551
367 878
838 809
697 31
274 184
831 108
377 792
739 773
904 302
28 572
35 906
894 855
843 803
695 770
311 841
38 3
425 722
521 43
151 992
693 136
191 483
400 396
428 585
619 585
782 45
981 429
71 222
203 430
406 204
420 438
140 341
674 765
365 590
402 472
919 221
758 47
317 811
247 558
16 346
297 453
503 355
4 841
476 332
738 27
353 255
376 328
749 633
272 3
550 362
588 569
992 914
573 203
666 351
903 606
939 929
586 86
969 422
200 905
941 184
219 944
800 743
921 180
600 501
732 242
548 246
71 832
76 878
229 344
803 9
76 765
132 831
390 115
984 882
713 276
633 38
686 449
266 52
801 148
397 798
716 572
590 29
168 814
498 13
337 905
81 622
142 530
452 494
259 850
612 332
484 15
290 368
552 835
664 445
919 863
846 615
544 595
284 342
825 110
990 592
406 993
118 447
203 146
415 893
203 159
114 302
726 41
798 746
971 204
472 204
215 556
808 614
807 872
477 581
683 806
223 97
139 964
963 566
503 273
877 228
550 202
973 389
986 821
478 49
460 484
292 317
424 397
136 126
264 470
15 857
487 146
677 174
883 889
115 798
170 544
320 93
193 449
770 883
53 885
540 361
706 513
202 556
981 393
766 657
728 477
723 830
170 834
219 873
344 625
914 581
280 665
478 540
905 926
125 345
805 957
828 370
706 850
12 327
799 57
879 673
989 289
534 389
25 244
965 328
326 754
384 149
793 255
8 769
617 771
603 720
717 360
42 544
495 398
333 31
523 51
662 355
450 285
33 291
489 289
417 76
205 37
355 648
275 459
707 76
670 64
104 23
929 90
432 542
417 289
117 831
707 477
730 102
698 460
708 561
344 58
808 691
401 259
265 300
194 474
892 293
877 55
380 497
553 641
562 593
320 364
322 438
74 311
365 500
539 323
501 212
606 297
130 660
667 423
814 452
282 843
834 396
442 533
406 440
984 464
876 166
434 913
643 223
577 327
939 856
390 620
1000 858
529 228
508 645
235 199
218 955
295 801
443 18
743 167
602 805
362 206
523 956
511 483
226 583
480 29
978 500
872 783
634 370
340 761
456 22
55 22
538 124
689 248
698 774
917 472
645 969
194 553
563 592
338 443
875 674
324 420
966 8
879 298
366 859
404 124
337 55
980 687
855 301
56 553
897 181
972 591
521 737
298 682
542 841
440 476
29 778
637 85
824 558
932 921
411 630
834 667
800 535
